267
16
16
10
20
304
157
16
121
153
209
33
8
641
120
8
504
7
149
9
389
395
13
391
11
641
11
373
12
8
636
389
13
382
12
385
10
377
8
392
383
8
632
8
386
6
508
9
384
1270
7
511
11
507
8
631
10
378
736
158
4
340
11
384
4
387
10
378
266
388
3
234
7
542
231
9
387
218
3
170
4
207
173
462
380
2
381
8
385
7
379
255
3
505
11
371
3
7
382
388
1
485
379
2
22
4
758
603
152
6
380
385
6
391
8
758
10
944
229
3
149
2
406
3
1008
4
301
13
20
7
25
300
160
14
122
155
210
33
9
639
119
5
518
7
149
8
390
395
13
391
10
641
12
371
11
9
638
386
6
389
10
387
9
385
1
384
390
9
634
6
385
8
509
7
385
1268
8
510
8
509
9
633
9
379
731
163
6
339
10
388
1
386
9
380
266
386
3
233
7
543
229
9
388
217
3
169
5
212
169
459
381
5
379
9
386
7
379
255
7
500
11
368
6
5
385
386
2
484
379
3
21
3
762
601
152
7
380
384
9
387
7
759
9
944
229
5
147
2
405
7
1006
3
303
24
13
7
24
300
160
18
118
151
211
37
8
634
124
5
517
9
147
12
390
394
11
391
11
643
10
375
8
8
635
390
6
389
9
390
7
378
6
384
391
19
622
7
386
7
509
8
384
1270
7
511
9
508
9
634
7
380
732
162
7
338
11
384
3
388
9
380
267
386
4
233
7
544
230
11
386
217
28
145
6
208
173
459
380
3
381
9
386
8
382
251
5
503
9
372
7
4
384
387
1
484
378
4
26
1
755
605
151
7
380
385
8
389
8
758
7
948
228
6
147
3
405
7
1005
3
298
20
19
5
25
300
157
16
121
159
206
38
1
638
135
1
512
4
146
12
388
398
9
392
9
644
10
372
10
9
636
390
4
390
9
405
1
372
4
389
384
9
632
7
387
5
510
8
384
1269
7
512
7
510
9
633
7
380
733
161
5
339
10
386
2
388
9
380
266
386
8
229
7
545
231
9
386
217
6
172
1
207
175
459
381
2
378
10
387
8
377
257
3
504
7
370
9
5
384
386
2
483
379
4
23
3
756
604
152
8
380
385
8
388
7
759
6
948
229
31
122
3
406
5
1003
3
301
9
18
9
17
310
158
8
123
147
214
28
11
637
124
4
515
3
146
12
389
392
14
392
9
643
9
373
10
8
636
390
7
390
9
388
8
380
6
380
396
8
632
6
388
5
510
7
388
1266
6
511
6
511
8
633
7
381
731
163
5
340
9
385
4
387
9
380
267
386
4
234
6
544
231
6
390
216
1
170
6
208
172
458
382
9
372
10
385
9
378
258
1
503
8
371
7
7
384
386
3
483
378
4
21
4
758
603
152
9
378
385
5
393
6
759
7
947
229
7
149
1
404
7
1003
5
282
16
21
11
13
315
150
14
121
150
213
31
12
637
124
4
513
4
149
9
388
393
14
391
10
643
10
374
9
8
636
391
5
393
7
391
5
380
6
380
393
11
632
4
387
4
511
7
386
1268
11
508
7
512
6
634
6
381
734
160
5
340
8
389
0
386
7
381
267
385
5
231
8
544
229
9
388
217
3
172
7
205
172
460
382
2
379
9
385
9
376
256
1
506
7
372
10
3
383
388
4
483
378
4
19
7
754
606
151
9
379
386
7
390
6
759
6
948
229
6
147
6
400
7
1005
2
299
17
19
9
17
319
147
8
123
148
214
35
9
638
122
1
513
5
150
8
389
397
10
391
9
643
10
374
9
9
635
390
6
394
5
388
7
380
5
384
389
11
631
6
388
5
510
7
387
1268
11
507
8
510
6
634
6
383
724
163
0
340
11
382
2
387
7
384
265
387
3
235
5
545
230
6
390
217
3
172
5
206
171
466
386
0
374
9
384
8
377
256
2
505
7
373
7
6
384
387
3
482
380
4
23
2
755
605
152
8
380
385
7
391
4
759
6
947
228
6
152
1
400
8
1004
3
271
17
22
9
14
308
157
10
123
147
225
22
11
636
124
1
512
8
147
8
389
396
10
391
9
644
10
373
8
8
637
390
5
394
6
396
1
375
5
383
390
11
632
6
388
4
509
7
387
1268
12
507
7
511
8
634
5
385
725
160
5
339
9
387
1
389
6
384
265
386
4
234
5
544
231
5
392
216
5
168
7
207
170
463
380
6
377
9
384
9
376
258
1
505
7
372
7
6
383
389
3
482
379
4
18
6
754
606
152
6
381
385
7
391
4
760
6
948
229
7
152
0
401
7
1005
2
288
11
24
3
14
310
159
6
123
149
210
34
9
636
124
1
519
3
148
7
391
395
11
392
8
644
9
374
9
8
637
390
5
393
7
392
5
382
2
383
389
12
631
6
388
5
509
7
388
1268
12
507
7
511
8
633
4
386
726
159
5
339
8
385
4
390
6
384
269
382
4
237
2
546
229
6
390
217
5
168
7
206
171
462
383
3
376
10
384
9
375
259
1
505
6
373
7
5
384
390
0
482
380
3
22
3
754
605
153
5
381
384
8
392
4
759
7
947
230
6
147
4
402
8
1003
4
