261
116
391
7
382
1023
238
149
237
271
387
343
42
221
386
506
387
634
479
30
342
383
533
102
381
382
509
507
630
381
637
891
383
633
509
382
383
381
385
378
381
505
1011
756
883
380
380
380
380
758
506
381
380
383
378
630
758
380
630
380
379
506
630
505
774
380
282
115
388
9
382
1026
235
148
237
270
387
344
43
221
383
507
386
634
479
32
344
384
530
106
379
381
509
507
631
383
635
893
381
634
508
381
383
381
386
378
381
506
1009
755
883
381
380
379
381
758
506
381
380
383
378
631
757
382
629
380
381
505
631
503
775
380
264
114
389
8
382
1022
241
147
236
270
388
342
43
220
383
508
386
635
478
32
346
385
528
106
379
382
508
506
633
382
634
894
382
633
507
383
383
386
379
379
381
504
1010
756
882
382
380
378
381
757
507
380
380
382
379
631
757
381
629
381
380
505
631
503
775
380
275
114
390
10
380
1023
241
148
236
269
389
342
42
220
384
507
386
636
477
32
347
385
528
106
379
383
508
505
634
381
635
893
382
631
509
382
384
385
379
380
381
503
1010
757
881
381
381
378
381
757
506
380
379
382
380
631
756
381
630
380
380
506
631
502
775
379
287
114
391
9
380
1023
240
147
237
270
389
343
41
221
383
508
385
636
478
32
347
385
529
106
379
384
507
506
634
381
635
893
382
631
509
383
384
385
379
379
384
501
1012
756
882
381
380
380
380
758
506
381
380
381
380
632
756
381
629
380
380
506
632
502
775
380
