282
10
11
335
54
7
327
21
118
7
292
1
3
75
10
394
149
9
362
10
367
13
7
375
15
477
490
289
513
10
89
5
136
8
127
137
110
13
393
381
7
601
274
115
8
387
9
123
12
262
5
748
11
5
382
388
5
393
5
507
9
507
10
755
380
8
1144
7
412
215
4
159
2
346
418
245
7
298
42
8
28
30
0
1
392
9
0
74
6
419
6
79
34
352
510
3
789
373
131
5
97
4
144
4
129
380
6
599
631
6
387
7
383
10
628
10
635
510
6
509
11
382
8
566
383
6
384
9
289
221
2
284
12
506
6
1007
4
755
505
6
383
8
287
7
11
339
55
10
325
20
117
7
279
10
12
70
10
397
148
10
364
3
372
14
9
372
12
482
488
289
512
10
89
11
130
6
126
137
122
1
395
384
8
600
274
114
8
387
11
122
13
258
9
747
11
8
381
386
5
392
7
505
9
507
9
758
378
11
1141
8
409
218
2
169
0
343
413
246
5
301
41
9
35
2
1
8
403
10
0
74
6
418
6
80
24
352
511
3
785
378
133
2
96
4
144
5
129
380
6
597
632
8
385
5
384
12
629
9
637
508
6
514
5
382
8
566
383
6
385
8
289
221
2
285
3
514
7
1008
2
757
503
7
389
1
282
10
15
336
54
9
327
18
120
7
277
8
12
72
9
394
151
5
373
0
369
12
12
381
1
481
491
286
516
1
103
2
131
8
128
137
108
13
407
371
8
598
273
117
10
385
9
129
10
257
7
748
10
7
383
385
6
392
9
503
9
508
9
757
378
8
1147
5
409
217
4
160
4
345
420
240
4
303
40
8
30
2
3
12
406
4
0
77
4
418
7
78
24
355
507
4
786
374
131
7
95
4
143
6
130
379
6
598
633
6
388
5
382
8
632
7
638
509
5
509
9
383
9
567
381
5
388
5
289
221
3
293
1
507
4
1010
3
754
505
7
389
1
259
3
5
338
49
9
320
16
121
9
275
12
11
70
10
396
154
4
363
9
370
10
12
372
3
488
491
286
514
9
94
5
132
6
136
134
108
8
397
382
8
600
270
118
7
388
9
125
12
258
7
748
11
9
381
387
6
390
8
504
9
507
9
756
379
8
1144
7
409
218
4
160
2
347
417
245
3
304
39
10
26
5
7
6
401
8
3
78
1
419
6
79
25
354
508
5
786
373
131
7
98
3
144
3
130
379
6
598
631
6
387
6
383
9
632
7
638
509
6
514
6
383
10
568
379
6
385
9
287
222
5
281
6
512
6
1009
3
754
505
7
387
1
286
14
14
337
61
9
319
14
131
7
276
5
12
69
14
392
151
6
363
8
371
9
12
375
1
487
490
286
515
2
100
5
132
6
135
132
111
9
395
383
8
598
271
119
8
387
8
131
7
259
7
753
9
6
381
386
8
389
9
505
7
508
9
757
378
8
1145
6
412
216
6
158
2
347
417
247
2
304
37
9
31
8
0
6
402
6
5
75
5
420
6
80
26
351
511
5
786
373
134
5
96
5
143
5
130
379
5
600
629
5
389
4
387
7
631
6
638
509
6
509
11
383
8
564
385
5
387
5
289
220
5
282
5
510
6
1011
4
754
504
6
384
4
318
15
18
338
51
14
319
13
127
11
271
10
13
68
13
391
156
5
361
7
371
12
12
371
3
489
489
287
516
1
96
7
135
3
130
138
110
7
397
384
6
598
273
119
10
386
8
128
9
259
6
750
15
3
381
386
8
391
7
505
6
510
7
755
381
10
1143
7
411
218
3
159
2
347
415
246
5
302
39
9
30
2
8
6
400
8
3
78
27
397
6
79
26
351
510
5
785
374
132
6
97
5
144
2
131
383
2
599
630
6
389
4
384
8
632
7
639
508
4
509
11
384
6
566
384
4
386
7
290
220
5
284
3
511
6
1010
3
754
504
5
385
4
277
8
16
337
55
11
320
15
131
1
274
12
12
68
11
393
154
8
365
6
374
9
11
371
4
489
489
286
513
4
98
5
135
3
128
143
106
7
400
379
9
596
273
120
8
389
4
133
5
258
8
749
13
4
380
387
8
391
8
504
6
510
7
757
378
11
1142
8
413
214
6
160
1
346
416
247
2
302
38
8
30
3
5
9
404
5
5
78
0
420
5
79
26
351
510
6
784
376
133
4
95
6
143
5
131
380
4
600
629
6
389
4
385
10
630
7
639
510
4
516
5
383
7
565
386
3
386
7
289
219
6
281
6
509
6
1011
4
755
504
6
384
4
286
22
8
336
58
13
317
14
128
4
276
13
11
67
11
395
156
3
366
6
383
2
9
371
2
489
489
286
516
2
97
5
135
3
128
144
106
6
399
382
8
597
275
117
7
389
6
131
8
258
6
751
12
6
381
388
5
391
8
503
6
511
6
758
378
8
1146
6
414
213
6
159
2
345
416
246
6
300
38
10
28
6
5
7
402
6
4
75
3
424
2
80
26
352
510
6
785
376
133
3
96
5
145
2
131
382
1
599
631
7
385
4
385
11
629
6
640
509
5
512
8
385
6
565
384
4
386
7
290
218
7
282
6
509
4
1011
4
755
505
6
384
4
278
15
12
341
54
16
314
17
125
6
278
11
9
68
13
391
155
7
366
4
373
11
11
370
3
491
489
287
514
1
97
4
138
2
128
143
104
7
400
381
12
592
274
118
6
393
3
131
8
257
7
753
11
5
383
386
6
393
7
503
5
514
3
758
378
9
1142
8
413
214
5
162
0
346
414
247
4
302
37
11
26
11
1
7
402
7
3
76
3
422
4
80
28
352
510
6
785
375
132
3
97
4
143
5
131
378
5
600
632
4
385
5
387
8
631
6
640
509
4
511
8
386
6
565
383
5
387
6
288
219
7
290
0
507
5
1011
4
755
505
5
383
6
