291
4
9
371
14
9
283
67
520
12
399
6
512
7
232
8
55
481
148
9
5
9
383
349
100
10
194
715
38
3
91
7
422
207
8
185
12
384
7
394
14
378
764
4
388
8
511
12
889
11
507
392
5
219
9
386
400
383
6
627
10
384
7
761
8
381
814
195
4
506
761
3
386
6
403
8
756
7
380
385
5
380
7
377
7
508
8
382
388
3
511
3
630
6
631
7
380
638
3
385
2
756
4
879
3
1008
758
4
1490
302
1
2
367
17
13
280
74
515
17
393
8
515
4
231
15
49
487
144
5
9
9
383
351
99
9
190
718
38
5
90
7
421
208
8
184
11
386
21
377
10
383
764
9
384
8
512
12
889
10
511
389
5
220
13
383
402
387
1
627
8
386
11
759
10
382
816
192
5
506
761
6
384
6
403
8
755
8
380
384
5
381
7
376
5
511
6
382
388
4
510
7
626
6
630
7
379
639
2
386
4
753
4
882
1
1008
758
5
1488
292
7
13
366
9
17
281
70
515
12
399
5
513
6
234
9
55
482
146
9
7
7
386
350
106
1
191
719
38
5
90
6
425
205
5
186
11
388
6
391
9
383
764
9
384
8
512
11
892
6
508
392
8
216
9
389
399
381
6
629
6
386
8
764
8
382
820
189
4
506
761
4
385
6
402
7
756
7
381
384
6
384
1
378
5
511
6
387
383
6
511
4
628
6
629
7
380
638
3
388
1
754
5
878
5
1006
757
6
1486
291
5
12
362
15
15
280
75
512
19
390
7
515
4
237
9
50
486
145
11
4
10
384
350
98
9
192
719
40
4
89
8
424
203
4
188
11
388
10
386
9
385
763
7
386
8
512
12
891
7
507
392
6
218
7
390
398
384
6
627
9
385
8
764
9
382
819
188
6
507
758
4
385
8
401
7
756
7
382
382
6
379
6
379
5
513
3
382
387
4
512
4
626
8
629
7
380
638
1
384
3
755
4
879
5
1008
755
5
1488
294
9
12
368
8
17
276
74
515
13
396
9
515
7
231
6
57
479
148
4
11
8
385
350
97
11
189
721
38
7
88
7
423
205
6
186
12
388
9
385
15
380
764
3
390
8
511
11
899
1
506
391
8
217
10
388
399
383
7
626
8
386
7
764
9
381
812
194
6
508
758
4
384
8
401
5
757
8
381
383
5
381
6
378
5
510
7
384
385
6
508
6
627
8
630
5
382
638
2
384
4
754
5
878
4
1008
756
6
1488
298
8
10
378
1
16
277
75
513
13
397
8
516
5
234
5
55
484
161
1
7
3
383
351
96
12
188
722
42
2
92
3
423
206
6
188
9
397
0
388
9
384
763
3
390
7
512
10
893
7
507
391
5
220
9
388
401
381
8
625
8
385
7
765
8
382
812
196
6
513
753
8
381
8
403
4
759
7
381
383
6
379
6
378
7
507
7
383
386
6
509
8
625
8
629
5
383
637
3
386
2
755
5
880
3
1007
755
9
1485
293
8
2
374
8
10
277
74
512
12
397
6
521
2
234
5
54
486
147
7
6
10
384
350
96
13
187
721
40
6
89
5
423
206
6
188
9
391
8
388
7
384
765
4
388
6
514
9
894
6
507
391
6
221
6
390
402
383
4
628
8
385
6
766
7
382
812
193
7
509
757
5
382
8
403
4
758
8
379
385
5
379
5
379
7
508
6
382
387
5
511
6
626
7
630
4
382
638
4
383
3
756
4
882
1
1007
755
6
1487
275
18
2
373
7
13
278
74
513
12
396
10
514
5
235
6
56
483
148
6
8
6
385
349
97
14
186
722
40
5
91
4
422
206
5
190
8
392
13
383
7
384
765
2
389
7
516
6
895
5
508
392
7
220
8
388
402
383
4
628
8
384
6
767
6
382
813
193
8
509
756
8
381
8
403
3
758
8
382
382
7
380
4
381
6
507
7
381
388
4
512
5
627
7
632
3
382
639
3
386
1
757
3
881
2
1008
755
6
1487
297
10
8
372
9
14
280
74
514
9
396
7
518
4
237
4
56
481
149
0
7
6
385
349
96
14
186
722
40
5
91
3
423
206
5
190
7
404
0
386
6
385
765
1
389
6
515
7
895
6
508
392
8
217
7
390
401
383
4
628
6
386
5
767
5
382
815
191
7
509
756
7
382
29
383
3
758
7
386
378
5
379
6
380
6
509
6
384
386
4
511
6
627
6
632
3
383
639
3
384
2
758
3
880
3
1008
756
9
1484
