260
387
116
516
500
387
514
637
385
356
26
359
384
403
361
385
393
384
634
384
506
631
632
383
632
382
381
388
381
382
1010
506
507
382
516
389
621
506
380
380
507
885
381
633
374
505
381
507
381
380
506
378
631
1009
1133
381
380
631
632
505
589
169
269
391
117
516
498
389
514
638
383
357
24
359
384
402
357
380
393
385
633
386
506
631
632
384
631
381
380
387
382
382
1011
506
507
381
516
387
627
503
381
382
505
885
384
631
375
507
380
506
380
381
505
380
632
1008
1134
381
380
631
631
504
589
169
265
390
117
516
500
386
514
637
384
356
27
358
383
406
358
381
393
385
632
385
507
632
631
384
631
381
381
387
382
383
1010
507
507
381
515
389
624
504
381
380
508
884
380
632
377
504
382
506
382
380
506
379
632
1008
1134
381
380
631
631
504
589
169
266
391
118
515
499
390
513
638
385
356
26
357
384
405
359
382
392
385
632
385
508
631
631
384
631
380
381
386
385
380
1010
507
506
381
516
388
624
504
382
381
507
884
383
629
378
504
383
504
383
379
506
379
632
1008
1134
381
380
631
630
504
589
169
278
390
117
516
498
391
513
637
386
355
26
358
384
405
359
382
392
384
632
385
508
632
631
384
631
381
381
386
385
380
1010
507
507
381
516
387
623
505
382
380
507
885
382
629
379
503
383
504
383
379
507
379
632
1009
1134
381
380
631
630
505
590
169
