272
482
33
390
517
393
386
386
893
183
199
385
385
383
1389
413
385
215
166
593
384
381
510
385
507
632
1011
633
509
506
757
1388
508
389
374
380
630
1138
381
382
380
380
381
1385
757
381
506
379
380
631
506
381
506
755
381
381
380
629
299
483
32
391
517
390
389
387
891
186
196
386
381
374
1389
414
386
213
165
593
383
382
510
386
506
631
1012
632
509
509
753
1387
509
388
374
380
632
1137
382
380
382
380
381
1385
759
379
505
381
380
631
506
381
505
755
381
380
381
630
263
483
32
392
514
393
388
388
891
186
197
387
382
376
1389
414
385
214
165
593
382
384
510
383
507
633
1011
635
507
508
754
1394
499
392
373
381
631
1138
381
385
378
380
381
1385
757
380
506
380
379
631
506
381
506
755
379
382
379
631
270
484
32
394
513
390
390
387
891
187
198
385
382
378
1388
413
386
215
164
593
383
383
510
384
508
631
1012
636
509
506
755
1392
501
390
374
383
629
1136
383
383
379
379
380
1386
757
380
507
380
378
632
504
381
506
756
380
382
379
630
290
485
31
394
513
389
390
387
891
186
198
386
383
378
1388
413
385
216
164
593
382
383
509
384
507
630
1011
637
508
506
755
1393
501
390
374
383
630
1135
382
384
379
380
381
1386
757
380
507
380
377
631
505
381
506
755
381
382
379
629
