261
510
247
636
135
379
137
512
257
374
634
512
383
111
270
113
267
117
634
385
382
383
509
382
381
507
383
383
382
387
382
382
634
505
1518
377
636
1135
507
507
1259
1385
1543
10
382
505
65
138
177
203
379
380
381
631
776
756
381
505
380
380
380
508
257
506
247
635
137
381
136
511
257
374
634
510
384
111
270
112
271
112
634
385
383
382
510
381
381
506
385
382
381
387
383
385
631
508
1516
384
630
1133
507
506
1262
1383
1543
12
381
505
66
138
177
203
379
380
381
629
777
756
381
505
379
380
380
505
272
508
243
640
136
379
136
509
259
374
635
510
385
110
270
113
270
112
635
383
384
381
512
379
381
506
384
380
382
390
381
386
628
508
1516
384
631
1134
507
506
1262
1383
1542
11
381
506
66
137
177
203
379
380
381
631
776
756
381
505
379
381
382
506
273
506
245
639
137
379
135
510
261
371
635
510
386
111
270
112
269
113
635
383
384
381
512
380
382
506
384
380
382
388
382
385
629
508
1516
383
632
1134
507
507
1261
1384
1542
12
381
506
67
137
176
204
379
380
381
631
776
756
380
506
378
380
382
506
290
507
246
639
137
379
135
509
262
371
635
509
386
111
270
112
270
113
635
384
383
381
512
379
383
507
384
380
383
387
382
385
629
508
1516
383
632
1133
506
507
1262
1384
1542
11
381
506
67
137
177
204
378
380
381
632
776
756
380
506
378
381
381
506
