306
9
13
382
396
15
409
11
390
1
387
12
374
394
9
517
13
509
15
389
11
378
391
10
634
8
1010
11
771
9
756
99
9
15
13
613
513
6
122
9
262
10
619
513
7
385
8
389
10
431
71
5
762
515
4
295
659
362
33
6
379
598
183
3
109
220
61
388
4
403
2
387
6
505
8
629
772
2
374
7
384
13
383
8
383
389
4
637
8
633
11
505
6
884
1000
9
1007
7
381
7
380
7
631
508
7
10
3
384
511
6
270
12
7
378
400
16
405
11
388
16
385
14
379
391
6
517
14
508
15
387
12
378
388
12
635
7
1007
10
771
9
756
99
4
20
14
600
530
14
112
8
262
9
619
513
7
384
8
390
8
437
67
8
759
515
4
295
659
348
32
4
382
593
188
3
108
221
61
387
6
402
3
387
7
502
9
628
772
1
377
8
383
9
387
9
383
389
4
636
9
633
10
506
5
878
1006
6
1010
7
380
7
380
6
632
508
2
12
1
382
514
6
254
12
15
377
396
19
408
6
390
1
384
13
374
394
9
516
14
509
15
387
12
378
389
11
634
8
1011
10
772
9
760
95
4
22
12
608
521
11
118
6
264
9
619
514
6
385
8
389
9
433
72
7
759
516
5
295
660
350
32
6
381
595
184
8
105
220
61
390
10
397
3
387
8
503
7
628
772
1
378
7
384
10
386
10
383
388
5
636
8
634
10
506
5
881
1002
4
1011
8
381
6
382
5
632
508
3
13
2
382
514
7
272
7
16
377
398
14
405
14
385
1
394
9
371
396
8
518
13
510
13
388
11
381
388
12
633
8
1009
10
773
9
757
98
6
19
12
609
523
9
119
7
263
8
620
513
6
385
8
389
8
434
71
7
758
516
5
294
658
351
32
6
377
594
186
8
108
216
62
388
10
396
3
387
7
505
6
629
772
1
378
8
384
8
386
8
384
386
5
636
6
636
10
507
4
877
1006
6
1011
7
381
7
381
5
635
506
2
13
2
383
513
6
290
19
8
377
397
15
406
12
388
2
390
13
372
393
11
517
12
516
8
389
11
382
387
11
637
8
1007
9
773
9
760
95
5
22
10
617
514
9
120
8
261
8
623
511
6
385
10
386
12
430
72
7
759
516
5
298
655
351
32
5
380
596
187
5
108
217
63
388
7
401
3
387
8
502
9
628
773
1
379
8
385
7
387
8
386
386
5
637
6
634
9
507
5
879
1003
5
1013
7
381
6
379
5
636
505
4
11
3
381
515
7
294
14
15
374
398
17
402
12
389
1
388
13
376
389
9
524
6
511
11
393
7
382
388
11
635
10
1009
7
773
9
757
99
5
20
12
608
524
10
118
8
262
8
622
512
8
384
10
386
12
432
69
7
759
515
6
295
656
354
33
3
380
595
186
4
107
217
62
391
5
401
2
386
8
504
8
628
773
0
378
7
383
10
388
7
386
386
6
636
5
636
8
509
3
880
1003
6
1012
6
381
7
381
5
636
505
6
10
3
380
516
5
287
7
17
372
397
17
403
13
388
4
394
11
376
390
9
518
12
513
9
393
7
382
387
12
641
5
1008
7
774
8
757
99
5
21
11
611
522
7
120
8
263
7
623
512
6
384
12
385
12
437
66
7
761
513
6
297
656
352
34
10
376
594
186
4
108
218
61
390
7
399
4
386
7
504
9
628
772
0
379
8
383
10
389
6
386
386
6
636
5
637
8
508
4
880
1003
5
1013
5
382
6
382
5
635
504
4
10
4
380
516
7
281
13
13
372
397
17
406
8
390
2
389
11
376
391
8
519
10
515
8
395
5
382
390
10
641
5
1008
6
775
7
757
99
6
20
10
622
512
7
121
8
262
7
624
511
6
386
9
386
14
434
68
7
760
514
6
297
656
355
34
6
382
592
185
4
109
218
61
391
7
399
4
389
3
503
10
627
772
0
379
8
383
10
389
6
387
386
7
634
5
638
7
507
4
877
1006
5
1012
6
382
5
382
5
637
505
3
11
5
379
516
6
298
16
10
372
398
17
413
1
390
6
396
12
377
392
6
522
9
516
6
395
5
382
390
9
640
5
1008
5
775
6
758
100
5
21
14
604
525
7
121
7
262
7
625
511
6
387
8
386
12
435
68
6
761
514
6
296
656
357
36
6
377
593
187
4
109
218
59
393
5
399
5
388
5
503
10
626
770
1
381
7
384
8
390
5
386
386
6
635
4
638
6
508
5
877
1006
6
1013
5
383
4
383
4
637
506
2
12
5
379
517
6
