279
9
2
5
17
9
22
337
402
16
396
13
502
269
404
11
5
514
391
8
393
13
764
15
761
14
386
399
8
384
9
513
10
386
14
389
394
4
383
15
382
9
511
9
513
387
8
386
10
389
11
390
16
634
763
5
389
2
386
7
377
8
756
382
3
506
4
504
5
378
8
381
380
6
376
4
403
7
391
9
377
634
8
888
5
382
7
766
0
757
632
4
388
4
384
5
387
4
376
506
3
386
5
504
4
631
9
631
381
4
633
5
509
7
521
8
349
5
16
18
16
13
15
339
402
15
396
12
504
268
404
17
2
510
391
9
391
13
765
14
761
13
386
399
9
383
10
510
11
386
14
391
389
5
383
12
387
10
513
5
511
388
7
387
10
390
13
388
14
633
766
6
388
1
385
8
377
9
762
375
3
508
0
506
5
377
9
391
371
3
383
1
403
7
391
8
378
633
6
889
6
381
7
762
5
755
633
4
389
2
385
5
384
7
378
505
3
385
4
505
4
631
9
631
380
4
633
5
509
6
520
8
299
12
7
28
4
14
20
339
402
15
395
13
504
267
404
11
8
511
390
11
389
13
766
13
760
14
387
398
10
382
9
512
10
386
14
390
387
8
384
12
385
12
515
3
512
387
7
387
10
389
16
386
14
633
765
4
396
1
381
8
376
7
757
382
2
507
3
506
5
377
8
382
379
5
380
3
403
30
367
10
379
631
7
889
7
382
7
760
5
755
635
7
385
6
382
6
381
7
376
507
3
385
7
502
5
632
7
631
380
4
632
6
509
6
521
8
316
8
13
22
7
16
23
336
406
12
395
12
506
264
407
11
8
511
388
11
389
12
767
11
763
12
389
397
8
384
11
512
9
388
14
389
387
9
384
9
387
9
513
7
511
388
7
387
11
391
11
389
12
633
765
5
388
4
389
5
379
6
755
372
4
508
2
510
1
378
6
384
377
6
377
4
404
6
389
10
378
634
8
888
7
381
7
762
4
753
637
8
384
6
381
6
382
7
379
503
3
384
7
503
4
633
5
633
379
5
633
5
509
6
523
5
312
7
21
27
1
12
19
335
406
12
395
12
504
266
406
14
4
513
388
11
390
11
768
13
759
12
391
396
9
384
8
515
8
388
13
389
387
9
383
10
388
7
515
6
514
386
7
387
13
388
12
389
11
637
762
5
388
5
386
5
377
9
755
382
3
510
0
503
7
378
5
384
376
5
379
4
404
5
391
8
378
634
7
888
7
382
6
762
3
755
636
8
384
5
382
5
392
1
375
505
4
385
7
502
5
631
8
632
382
3
632
5
510
4
522
7
330
26
2
22
11
9
20
335
415
1
405
1
505
266
407
17
1
512
388
12
392
8
769
12
760
11
392
395
7
386
9
512
9
391
9
392
386
13
379
10
386
9
512
8
513
387
7
388
10
390
13
392
7
638
762
5
389
6
385
6
377
6
755
380
7
504
3
505
5
377
8
386
375
8
375
5
405
4
391
8
378
636
7
888
8
382
5
762
3
756
634
5
387
5
382
5
385
5
377
506
3
383
6
506
2
631
7
635
377
5
633
5
509
6
521
7
296
13
6
23
15
8
19
335
405
9
400
6
503
272
411
8
4
511
388
11
389
11
769
13
760
10
393
396
7
385
9
515
7
391
9
389
395
15
371
8
388
8
514
7
512
388
7
387
11
390
13
387
11
638
763
4
393
1
386
6
375
8
758
378
6
510
0
503
6
377
6
387
374
9
378
2
403
4
392
7
379
634
8
888
8
382
6
759
5
756
637
3
386
5
383
4
385
7
377
505
4
383
5
502
4
630
7
634
381
4
632
7
505
7
521
7
300
14
14
17
14
8
19
338
403
10
406
2
500
273
411
8
3
511
389
11
390
10
769
11
761
9
394
395
6
385
8
513
7
392
8
391
391
7
385
5
388
7
514
7
513
388
7
388
11
391
11
389
9
639
762
4
394
1
389
2
375
9
758
376
7
505
3
507
3
378
5
388
373
10
375
4
407
1
394
6
378
635
8
888
9
384
3
759
4
755
638
4
384
6
383
4
386
7
375
506
4
386
4
503
5
631
7
633
382
3
632
7
507
5
522
7
280
15
14
18
12
17
7
341
402
8
402
2
503
270
408
10
5
512
390
9
390
10
771
10
761
9
395
395
7
384
9
515
6
393
8
390
391
8
392
1
385
8
514
6
513
389
7
388
9
393
11
389
7
640
761
4
394
1
386
5
376
8
763
373
6
506
3
506
4
379
5
388
373
9
375
3
409
0
394
6
379
633
10
886
9
384
4
760
4
755
638
3
387
4
383
4
387
6
377
503
5
387
3
505
4
631
6
635
379
5
637
1
506
6
522
6
