286
11
13
16
13
65
7
277
17
27
107
11
233
52
341
396
8
41
11
343
8
511
389
8
300
82
4
12
6
759
901
114
12
390
524
9
646
244
16
77
771
5
632
10
502
10
384
11
386
622
10
7
383
751
19
0
382
231
2
382
515
7
515
9
620
371
10
881
517
385
35
356
7
483
382
8
9
7
399
1
6
12
1112
516
5
630
3
384
7
634
7
502
507
4
506
6
511
7
1257
2
379
505
5
378
3
383
6
754
3
379
422
6
377
9
397
7
508
5
296
12
16
15
15
63
17
266
18
30
109
16
226
51
344
398
11
39
12
341
9
508
391
7
290
92
6
13
5
754
907
114
12
388
525
21
635
244
12
82
769
6
632
8
505
13
380
8
392
619
9
8
380
756
9
6
386
230
2
385
511
8
513
8
615
376
9
883
515
387
8
383
31
460
382
5
13
6
401
1
4
12
1113
515
5
631
5
382
6
638
3
502
497
6
503
7
510
6
1257
4
379
504
6
377
4
383
5
755
5
377
421
3
383
6
397
8
509
3
294
17
10
16
14
58
14
273
18
26
112
15
235
43
345
402
7
40
8
344
10
508
389
8
290
92
11
6
7
754
911
110
13
390
523
17
638
247
7
78
774
4
633
8
505
11
383
10
386
622
10
14
372
762
5
4
385
232
4
383
512
8
514
5
613
381
8
884
514
386
8
383
7
484
381
11
7
6
397
6
4
10
1113
514
9
629
5
382
6
634
7
503
497
6
505
7
510
6
1256
6
380
503
6
377
4
383
6
755
5
377
422
3
380
9
399
5
508
4
283
10
16
15
16
57
11
285
4
28
112
14
224
52
344
399
8
41
12
346
7
506
390
8
290
98
3
15
1
754
909
112
12
391
522
12
645
243
11
78
774
4
633
9
505
9
384
8
389
626
6
7
379
761
4
7
381
236
2
383
512
8
513
6
612
381
9
883
512
389
8
383
7
483
382
4
13
6
398
2
8
10
1114
512
5
640
1
379
5
635
7
505
498
4
506
6
511
6
1260
2
378
504
4
378
5
383
3
756
4
378
420
5
381
5
400
24
491
4
305
14
22
10
16
57
15
276
11
27
111
16
225
52
337
401
8
39
12
346
7
508
389
8
291
95
4
10
6
753
909
111
11
393
520
16
646
239
12
77
773
4
633
9
505
10
384
8
387
623
10
10
375
757
9
6
381
235
4
386
509
8
514
6
610
381
9
884
511
391
7
384
6
485
380
5
13
5
395
5
7
9
1115
514
5
636
1
381
7
636
5
504
498
4
506
6
510
5
1258
4
377
508
1
380
4
382
6
757
3
378
421
5
379
8
397
6
511
2
351
13
17
13
15
60
10
277
11
27
111
15
227
59
334
399
11
37
9
351
7
505
390
7
291
95
7
6
8
753
909
112
10
394
520
12
646
242
10
80
773
5
634
8
506
8
385
7
387
629
4
12
375
757
8
7
382
233
6
384
509
8
514
6
611
381
9
884
511
390
8
384
6
486
380
5
56
1
358
2
10
5
1114
513
9
629
5
382
3
637
4
504
499
4
506
5
510
5
1258
5
377
507
4
379
3
384
3
758
3
378
421
4
378
10
396
7
507
6
282
4
14
17
12
62
8
282
6
29
108
16
226
52
341
402
7
38
14
347
6
509
388
7
291
99
4
12
1
754
909
112
10
392
521
20
639
240
11
81
772
4
634
8
505
8
387
6
387
627
7
12
375
757
7
7
387
227
5
382
512
7
516
4
612
381
9
885
513
388
7
386
4
487
380
5
14
3
396
12
2
8
1115
512
7
637
0
380
7
635
4
505
501
5
505
6
511
3
1257
5
378
505
4
380
4
383
4
757
3
378
421
5
379
8
396
7
508
6
275
14
15
16
13
59
10
274
13
30
111
14
224
53
341
404
8
39
5
351
7
508
389
6
291
97
8
6
5
754
908
114
9
391
521
13
646
240
11
80
774
5
633
7
505
7
386
7
387
627
8
11
375
758
6
7
384
229
6
382
512
7
515
5
611
382
8
883
512
389
29
365
3
486
385
0
12
4
398
7
6
7
1115
516
4
635
5
376
7
636
4
504
501
5
505
6
511
3
1258
5
378
506
4
379
4
384
2
758
2
380
419
4
377
10
397
6
510
4
293
27
2
12
13
65
7
275
8
30
111
15
224
55
338
403
7
40
8
353
4
510
388
6
291
96
11
3
4
756
908
114
8
396
518
11
649
239
9
99
756
5
633
6
506
6
390
3
388
631
3
11
374
758
7
6
384
230
8
381
513
7
514
5
611
382
10
884
512
389
6
387
3
487
382
5
10
7
398
4
6
6
1116
511
6
632
7
379
6
636
4
505
502
3
506
6
512
3
1258
5
379
505
3
379
4
382
3
758
2
379
420
5
377
10
396
6
512
1
