392
12
379
229
162
352
158
354
621
267
122
264
398
101
764
636
123
264
10
371
634
511
369
381
633
632
132
335
41
12
330
55
111
270
112
384
381
389
374
382
383
381
384
1010
630
380
1516
380
341
631
381
380
380
506
632
380
398
505
607
401
630
102
381
400
107
378
380
381
380
380
760
379
530
481
381
378
399
15
377
235
156
355
158
353
620
267
121
264
400
100
764
636
125
264
8
372
634
510
370
382
632
633
130
336
40
11
330
56
111
269
116
380
381
381
381
388
376
381
383
1009
631
380
1517
380
341
631
381
380
380
506
633
379
398
507
604
400
632
103
380
401
107
377
381
381
380
382
756
380
529
482
381
379
393
13
379
234
156
353
158
356
620
268
121
267
397
100
763
638
123
263
9
373
634
509
370
383
631
631
132
335
40
10
328
57
112
271
114
380
381
387
377
385
379
384
380
1007
632
383
1513
380
341
633
379
380
381
507
631
380
397
504
607
401
630
104
380
401
106
379
380
381
379
381
755
380
529
482
381
380
393
13
379
234
157
353
158
357
620
268
121
267
398
98
764
639
125
263
6
374
634
508
372
382
630
632
132
335
41
9
329
56
111
271
114
382
380
385
384
379
378
386
380
1007
632
384
1513
381
341
632
379
381
380
506
631
379
398
505
606
401
630
103
381
400
106
379
379
382
380
382
756
381
529
482
381
379
389
12
380
234
156
354
158
357
620
268
120
267
398
98
763
640
124
264
5
374
634
508
372
382
629
632
132
335
42
8
329
58
110
271
116
380
380
385
383
380
378
385
380
1007
631
385
1513
380
340
633
378
380
381
506
631
380
398
505
606
401
631
103
382
400
105
379
380
380
381
382
755
381
529
483
381
380
