278
24
1
27
1
21
9
13
14
340
58
16
359
90
6
53
8
66
3
386
46
19
378
387
13
391
9
646
11
638
11
385
515
7
388
9
386
11
635
6
524
376
7
641
9
759
4
101
5
282
383
5
633
7
385
10
125
5
378
383
5
391
3
391
8
383
17
382
496
8
3
630
882
635
6
254
8
117
16
231
26
380
10
735
17
3
605
7
16
5
488
9
131
500
9
258
506
6
608
19
2
369
114
3
505
519
237
5
382
382
10
629
4
381
7
506
5
503
733
277
628
3
378
6
503
6
394
8
570
179
5
384
317
46
1
2
20
19
15
18
5
341
60
11
371
83
7
50
11
65
7
383
42
10
395
380
14
390
11
645
10
637
10
386
515
10
385
7
386
11
634
8
514
385
5
643
9
759
6
98
6
281
382
11
627
5
388
9
121
8
378
383
4
390
6
389
9
383
17
383
491
13
2
630
882
635
7
253
6
118
16
233
27
378
6
735
21
4
604
8
16
6
489
9
129
501
10
260
503
6
608
20
2
367
116
3
506
520
236
4
381
383
8
630
4
380
8
506
5
503
733
277
626
3
377
4
508
29
368
5
574
179
5
385
255
24
6
23
16
18
16
10
12
340
64
9
357
92
4
55
8
75
1
385
41
8
388
388
12
391
11
645
9
638
11
385
514
9
386
11
385
11
635
7
514
385
7
641
9
760
5
100
7
284
378
5
631
4
389
9
120
11
376
382
9
387
6
389
8
386
14
382
492
14
4
627
883
634
5
264
0
115
15
232
31
379
2
734
21
5
604
8
20
2
490
9
129
501
9
258
506
6
608
19
2
369
114
2
507
519
235
5
384
382
7
630
4
381
7
505
7
503
733
278
625
11
370
4
507
4
395
7
572
177
6
382
297
15
19
8
26
18
14
12
11
341
61
11
363
87
9
51
9
63
10
384
41
7
391
385
14
391
14
641
12
640
7
385
514
9
386
10
385
10
636
14
506
385
4
646
6
765
1
100
5
283
380
9
631
8
384
9
121
10
376
382
9
387
7
387
8
382
17
381
493
15
6
627
878
639
3
256
7
125
7
232
26
380
6
735
21
5
603
9
18
4
490
8
130
501
9
260
503
6
607
19
3
369
114
1
509
517
235
5
380
384
8
630
6
379
7
506
6
503
733
277
628
4
376
6
502
6
400
1
572
178
5
383
293
23
20
2
21
16
21
8
11
338
62
9
364
87
6
56
9
66
9
378
43
13
386
387
14
389
11
645
12
641
4
388
511
9
386
9
387
9
634
17
509
382
16
632
8
763
4
99
5
281
382
9
632
5
385
10
119
10
377
382
8
388
7
387
8
386
14
382
492
14
7
626
879
637
4
257
5
122
11
231
24
381
15
727
33
0
595
7
17
5
490
7
130
501
8
258
505
6
607
19
3
366
116
2
509
517
236
6
380
384
8
630
6
381
4
508
5
502
737
278
623
6
375
3
505
6
395
5
572
178
4
383
319
10
21
12
17
16
17
12
18
334
63
5
369
84
7
54
8
64
12
380
43
8
390
385
14
390
10
646
12
640
6
387
512
11
384
9
389
7
647
6
504
385
4
643
7
764
4
101
3
281
382
8
632
6
385
10
123
5
378
382
7
388
8
387
8
383
16
379
498
12
7
626
879
639
4
254
8
121
11
232
25
380
6
737
19
4
604
7
16
6
492
6
131
502
7
260
503
6
607
19
4
366
116
2
507
518
238
4
379
386
6
631
6
379
5
507
5
503
735
277
625
5
378
0
508
5
394
5
573
177
4
382
285
19
21
10
15
13
20
11
19
333
58
9
368
87
7
55
7
65
12
383
42
8
390
385
14
390
10
646
11
641
4
389
511
11
384
8
390
7
636
16
507
382
4
644
7
764
4
100
4
282
382
8
635
3
385
11
118
10
379
382
6
389
9
386
7
384
14
384
495
10
7
626
876
639
6
254
9
120
10
232
25
381
8
735
21
3
604
7
18
2
493
6
131
504
5
258
506
6
608
19
5
364
117
2
508
517
240
3
380
386
6
630
5
379
5
506
7
502
736
277
624
10
378
0
502
8
395
6
572
178
4
383
304
13
22
11
13
15
24
6
18
333
62
7
364
87
9
51
11
65
10
381
44
9
389
385
14
389
10
646
10
642
3
389
514
9
385
7
390
7
637
14
511
380
6
644
5
765
3
101
3
283
382
7
632
7
385
13
117
9
379
383
5
389
9
386
8
382
15
379
500
10
7
628
876
640
5
253
9
121
10
233
27
378
6
737
20
3
606
6
15
6
492
6
131
503
7
258
506
5
609
18
5
364
118
2
506
519
238
4
382
383
8
630
6
380
5
508
4
502
737
276
625
6
376
7
501
8
396
4
573
178
4
383
290
16
21
8
12
16
26
10
9
334
60
10
369
83
8
49
10
67
8
383
41
13
387
384
13
390
11
647
9
641
4
389
513
9
385
5
390
7
640
11
507
384
5
643
6
766
2
100
3
284
383
6
632
6
386
12
118
8
379
383
5
390
9
385
8
383
15
379
499
11
8
627
883
632
5
254
9
122
9
232
24
381
6
737
21
1
607
5
15
5
493
5
133
500
9
257
506
6
609
20
4
363
118
2
507
518
240
2
382
382
7
631
5
380
5
508
5
502
737
280
620
8
377
3
502
8
399
1
573
177
5
384
