253
10
110
272
386
371
143
252
138
384
390
630
511
381
383
633
382
760
381
383
757
383
508
634
1952
445
385
503
506
382
507
381
631
381
756
507
381
631
630
758
761
378
379
380
881
379
632
1007
506
506
381
380
505
380
380
381
380
380
757
520
262
9
111
271
386
371
144
252
133
387
390
631
510
382
387
629
382
759
381
386
756
382
508
632
1953
443
381
509
504
383
507
381
631
382
764
500
381
630
633
757
762
378
378
381
881
380
633
1005
507
506
380
380
506
381
381
380
380
381
756
519
293
8
113
272
381
371
142
254
134
388
389
632
509
383
385
631
381
759
383
383
757
381
508
633
1953
442
384
508
505
382
506
381
633
379
764
501
380
633
629
758
759
379
378
381
882
380
632
1007
506
504
380
380
506
380
380
381
379
380
756
520
280
6
113
273
381
372
142
254
134
385
390
633
509
384
384
631
381
758
384
383
756
382
507
633
1953
442
384
509
505
381
507
381
633
382
760
503
380
632
630
758
761
377
378
380
883
380
631
1007
506
504
381
381
506
380
380
380
381
380
756
521
284
6
114
271
380
373
143
253
134
385
391
632
509
384
384
632
380
758
384
381
757
383
506
633
1954
441
385
509
504
382
506
380
633
381
760
503
380
632
630
756
761
378
379
381
882
380
631
1007
506
505
380
381
506
380
380
380
382
379
757
520
