272
126
394
120
385
17
371
131
514
614
384
385
635
386
380
342
543
218
292
884
508
210
384
672
338
382
633
1046
380
381
507
590
294
91
288
381
381
382
380
631
1259
380
1010
380
505
651
107
631
799
11
380
339
507
883
19
1016
73
306
381
72
309
71
538
220
380
506
381
381
270
123
393
120
384
15
369
134
514
613
388
385
635
385
381
342
545
216
292
885
507
211
382
673
339
381
633
1044
384
383
505
592
286
91
290
380
388
375
380
631
1259
380
1010
380
506
651
105
633
798
11
380
337
505
885
19
1016
72
305
382
72
308
71
538
220
381
505
381
381
265
126
396
119
386
15
370
135
515
611
387
385
635
384
381
343
545
216
293
883
508
210
383
672
338
381
632
1044
384
380
507
593
287
91
290
384
377
381
383
629
1259
379
1009
381
506
651
106
633
798
10
382
336
505
885
19
1018
72
306
381
71
310
72
537
220
381
506
381
381
269
125
393
123
389
10
370
136
514
612
387
385
636
383
384
340
545
217
293
882
509
211
384
672
338
382
633
1046
383
380
507
592
288
92
294
380
382
378
382
629
1258
379
1009
381
505
651
106
634
798
9
382
336
504
886
19
1017
72
305
381
71
310
72
538
219
381
507
380
381
269
124
393
123
391
7
369
136
515
612
387
385
636
383
383
340
545
216
293
883
509
211
383
672
338
382
632
1045
383
379
508
592
288
93
293
380
381
379
382
630
1258
380
1010
382
504
651
106
633
798
10
383
336
505
886
18
1017
73
305
381
72
311
71
537
220
380
507
381
381
