253
10
110
272
386
371
143
252
138
384
390
630
511
381
383
633
382
760
381
383
757
383
508
634
1952
445
385
503
506
382
507
381
631
381
756
507
381
631
630
758
761
378
379
380
881
379
632
1007
506
506
381
380
505
380
380
381
380
380
757
520
262
9
111
271
386
371
144
252
133
387
390
631
510
382
387
629
382
759
381
386
756
382
508
632
1953
443
381
509
504
383
507
381
631
382
764
500
381
630
633
757
762
378
378
381
881
380
633
1005
507
506
380
380
506
381
381
380
380
381
756
519
293
8
113
272
381
371
142
254
134
388
389
632
509
383
385
631
381
759
383
383
757
381
508
633
1953
442
384
508
505
382
506
381
633
379
764
501
380
633
629
758
759
379
378
381
882
380
632
1007
506
504
380
380
506
380
380
381
379
380
756
520
280
6
113
273
381
372
142
254
134
385
390
633
509
384
384
631
381
758
384
383
756
382
507
633
1953
442
384
509
505
381
507
381
633
382
760
503
380
632
630
758
761
377
378
380
883
380
631
1007
506
504
381
381
506
380
380
380
381
380
756
521
284
6
114
271
380
373
143
253
134
385
391
632
509
384
384
632
380
758
384
381
757
383
506
633
1954
441
385
509
504
382
506
380
633
381
760
503
380
632
630
756
761
378
379
381
882
380
631
1007
506
505
380
381
506
380
380
380
382
379
757
520
268
390
395
517
638
102
657
511
387
390
633
635
828
56
832
54
510
384
1008
549
762
644
116
394
349
414
503
381
634
207
381
508
221
164
334
506
510
386
379
384
757
381
507
633
630
379
631
381
505
381
882
381
631
505
506
507
381
507
381
381
758
756
260
389
392
515
638
100
659
509
389
391
631
635
829
54
832
56
501
381
1012
549
761
645
114
394
349
413
506
380
637
205
385
504
212
171
334
507
509
384
379
383
757
381
506
633
628
382
631
381
506
380
884
381
631
508
504
506
381
507
380
380
758
757
267
391
395
517
637
102
659
508
391
388
632
636
828
57
830
55
503
381
1012
546
763
643
116
393
348
413
505
384
638
202
384
506
218
165
335
506
512
380
383
383
757
382
506
633
629
381
631
381
507
381
882
381
631
505
506
506
381
507
381
379
757
758
272
391
395
516
638
100
659
509
391
388
632
635
828
56
831
55
505
381
1011
547
761
642
117
392
349
414
505
383
637
202
383
507
219
169
331
505
512
382
381
384
757
381
505
633
628
382
631
382
505
382
882
381
632
506
505
506
380
507
381
379
757
758
286
391
396
516
638
100
659
511
389
389
633
635
829
55
831
54
505
382
1011
548
761
642
116
392
349
414
505
382
637
203
383
507
218
169
330
503
512
381
380
383
756
381
505
632
629
382
630
382
505
381
882
381
631
506
506
507
381
507
381
381
757
757
260
387
116
516
500
387
514
637
385
356
26
359
384
403
361
385
393
384
634
384
506
631
632
383
632
382
381
388
381
382
1010
506
507
382
516
389
621
506
380
380
507
885
381
633
374
505
381
507
381
380
506
378
631
1009
1133
381
380
631
632
505
589
169
269
391
117
516
498
389
514
638
383
357
24
359
384
402
357
380
393
385
633
386
506
631
632
384
631
381
380
387
382
382
1011
506
507
381
516
387
627
503
381
382
505
885
384
631
375
507
380
506
380
381
505
380
632
1008
1134
381
380
631
631
504
589
169
265
390
117
516
500
386
514
637
384
356
27
358
383
406
358
381
393
385
632
385
507
632
631
384
631
381
381
387
382
383
1010
507
507
381
515
389
624
504
381
380
508
884
380
632
377
504
382
506
382
380
506
379
632
1008
1134
381
380
631
631
504
589
169
266
391
118
515
499
390
513
638
385
356
26
357
384
405
359
382
392
385
632
385
508
631
631
384
631
380
381
386
385
380
1010
507
506
381
516
388
624
504
382
381
507
884
383
629
378
504
383
504
383
379
506
379
632
1008
1134
381
380
631
630
504
589
169
278
390
117
516
498
391
513
637
386
355
26
358
384
405
359
382
392
384
632
385
508
632
631
384
631
381
381
386
385
380
1010
507
507
381
516
387
623
505
382
380
507
885
382
629
379
503
383
504
383
379
507
379
632
1009
1134
381
380
631
630
505
590
169
392
12
379
229
162
352
158
354
621
267
122
264
398
101
764
636
123
264
10
371
634
511
369
381
633
632
132
335
41
12
330
55
111
270
112
384
381
389
374
382
383
381
384
1010
630
380
1516
380
341
631
381
380
380
506
632
380
398
505
607
401
630
102
381
400
107
378
380
381
380
380
760
379
530
481
381
378
399
15
377
235
156
355
158
353
620
267
121
264
400
100
764
636
125
264
8
372
634
510
370
382
632
633
130
336
40
11
330
56
111
269
116
380
381
381
381
388
376
381
383
1009
631
380
1517
380
341
631
381
380
380
506
633
379
398
507
604
400
632
103
380
401
107
377
381
381
380
382
756
380
529
482
381
379
393
13
379
234
156
353
158
356
620
268
121
267
397
100
763
638
123
263
9
373
634
509
370
383
631
631
132
335
40
10
328
57
112
271
114
380
381
387
377
385
379
384
380
1007
632
383
1513
380
341
633
379
380
381
507
631
380
397
504
607
401
630
104
380
401
106
379
380
381
379
381
755
380
529
482
381
380
393
13
379
234
157
353
158
357
620
268
121
267
398
98
764
639
125
263
6
374
634
508
372
382
630
632
132
335
41
9
329
56
111
271
114
382
380
385
384
379
378
386
380
1007
632
384
1513
381
341
632
379
381
380
506
631
379
398
505
606
401
630
103
381
400
106
379
379
382
380
382
756
381
529
482
381
379
389
12
380
234
156
354
158
357
620
268
120
267
398
98
763
640
124
264
5
374
634
508
372
382
629
632
132
335
42
8
329
58
110
271
116
380
380
385
383
380
378
385
380
1007
631
385
1513
380
340
633
378
380
381
506
631
380
398
505
606
401
631
103
382
400
105
379
380
380
381
382
755
381
529
483
381
380
290
10
361
154
379
388
391
385
387
228
659
102
914
391
344
540
443
150
384
632
508
409
100
380
852
160
220
384
959
51
456
50
153
383
515
366
140
366
381
135
371
639
380
506
382
647
235
632
608
382
503
505
266
193
379
814
193
380
382
510
503
381
505
880
506
632
382
380
505
274
230
382
522
260
3
360
158
377
390
385
388
387
231
658
103
916
389
344
543
443
150
385
632
508
409
99
383
851
161
217
384
958
49
458
49
154
383
515
365
141
365
382
135
373
640
379
505
382
649
233
632
606
382
507
506
263
191
381
814
193
380
381
511
502
381
507
878
505
632
384
379
506
273
232
380
523
286
8
361
159
376
391
386
388
386
231
660
102
915
389
345
541
445
150
383
634
508
408
101
381
853
161
219
384
960
48
458
50
147
384
515
366
139
365
383
135
372
639
380
505
383
648
234
631
607
379
506
506
265
191
380
815
192
380
382
509
503
382
505
881
505
631
383
381
505
273
230
382
523
266
8
362
158
374
391
387
390
385
231
660
102
913
389
346
542
443
148
383
633
507
408
100
381
852
162
218
385
959
48
459
55
147
385
515
363
141
365
387
130
373
640
378
505
383
647
234
631
606
381
506
506
264
191
381
814
192
380
381
510
503
381
507
879
505
632
382
382
505
273
230
383
522
276
7
362
158
375
390
386
391
385
231
660
102
913
390
346
541
443
149
383
635
506
408
101
381
852
161
219
383
959
48
458
55
147
385
515
364
141
364
388
129
373
640
378
506
383
647
235
630
605
381
506
507
265
191
381
814
192
380
381
511
502
381
507
880
504
632
383
381
505
272
231
382
522
261
510
247
636
135
379
137
512
257
374
634
512
383
111
270
113
267
117
634
385
382
383
509
382
381
507
383
383
382
387
382
382
634
505
1518
377
636
1135
507
507
1259
1385
1543
10
382
505
65
138
177
203
379
380
381
631
776
756
381
505
380
380
380
508
257
506
247
635
137
381
136
511
257
374
634
510
384
111
270
112
271
112
634
385
383
382
510
381
381
506
385
382
381
387
383
385
631
508
1516
384
630
1133
507
506
1262
1383
1543
12
381
505
66
138
177
203
379
380
381
629
777
756
381
505
379
380
380
505
272
508
243
640
136
379
136
509
259
374
635
510
385
110
270
113
270
112
635
383
384
381
512
379
381
506
384
380
382
390
381
386
628
508
1516
384
631
1134
507
506
1262
1383
1542
11
381
506
66
137
177
203
379
380
381
631
776
756
381
505
379
381
382
506
273
506
245
639
137
379
135
510
261
371
635
510
386
111
270
112
269
113
635
383
384
381
512
380
382
506
384
380
382
388
382
385
629
508
1516
383
632
1134
507
507
1261
1384
1542
12
381
506
67
137
176
204
379
380
381
631
776
756
380
506
378
380
382
506
290
507
246
639
137
379
135
509
262
371
635
509
386
111
270
112
270
113
635
384
383
381
512
379
383
507
384
380
383
387
382
385
629
508
1516
383
632
1133
506
507
1262
1384
1542
11
381
506
67
137
177
204
378
380
381
632
776
756
380
506
378
381
381
506
378
8
12
263
360
387
390
895
386
885
97
293
382
633
385
465
43
340
165
510
881
383
381
761
384
884
383
889
512
383
381
384
631
634
386
378
509
381
505
505
381
506
762
380
631
380
380
381
506
1010
506
506
884
631
506
1136
504
1007
631
386
12
11
266
356
390
393
889
390
882
98
289
385
633
385
464
41
342
168
508
881
384
382
761
383
884
383
891
510
383
381
382
632
633
390
379
503
381
506
505
381
506
762
380
631
379
382
382
504
1010
506
506
883
630
506
1136
505
1007
631
399
12
11
268
355
388
393
892
390
884
96
289
386
631
386
464
42
340
168
509
881
383
382
762
382
884
383
890
511
381
382
382
632
633
388
378
504
383
506
505
382
507
761
381
630
379
382
383
503
1010
506
507
882
630
505
1136
506
1006
631
404
13
9
269
354
388
394
892
390
885
95
290
385
633
385
464
43
339
168
508
882
383
381
761
384
884
382
891
511
384
379
382
632
633
386
379
503
383
506
504
383
507
760
381
629
379
383
381
503
1010
505
507
882
631
506
1135
506
1006
632
385
13
8
268
354
388
394
893
389
885
96
289
385
633
384
464
42
340
168
508
881
383
381
761
383
883
382
891
511
385
379
383
632
635
383
385
500
383
507
504
382
507
760
382
630
379
383
382
502
1011
506
507
882
632
505
1135
507
1006
632
272
482
33
390
517
393
386
386
893
183
199
385
385
383
1389
413
385
215
166
593
384
381
510
385
507
632
1011
633
509
506
757
1388
508
389
374
380
630
1138
381
382
380
380
381
1385
757
381
506
379
380
631
506
381
506
755
381
381
380
629
299
483
32
391
517
390
389
387
891
186
196
386
381
374
1389
414
386
213
165
593
383
382
510
386
506
631
1012
632
509
509
753
1387
509
388
374
380
632
1137
382
380
382
380
381
1385
759
379
505
381
380
631
506
381
505
755
381
380
381
630
263
483
32
392
514
393
388
388
891
186
197
387
382
376
1389
414
385
214
165
593
382
384
510
383
507
633
1011
635
507
508
754
1394
499
392
373
381
631
1138
381
385
378
380
381
1385
757
380
506
380
379
631
506
381
506
755
379
382
379
631
270
484
32
394
513
390
390
387
891
187
198
385
382
378
1388
413
386
215
164
593
383
383
510
384
508
631
1012
636
509
506
755
1392
501
390
374
383
629
1136
383
383
379
379
380
1386
757
380
507
380
378
632
504
381
506
756
380
382
379
630
290
485
31
394
513
389
390
387
891
186
198
386
383
378
1388
413
385
216
164
593
382
383
509
384
507
630
1011
637
508
506
755
1393
501
390
374
383
630
1135
382
384
379
380
381
1386
757
380
507
380
377
631
505
381
506
755
381
382
379
629
272
126
394
120
385
17
371
131
514
614
384
385
635
386
380
342
543
218
292
884
508
210
384
672
338
382
633
1046
380
381
507
590
294
91
288
381
381
382
380
631
1259
380
1010
380
505
651
107
631
799
11
380
339
507
883
19
1016
73
306
381
72
309
71
538
220
380
506
381
381
270
123
393
120
384
15
369
134
514
613
388
385
635
385
381
342
545
216
292
885
507
211
382
673
339
381
633
1044
384
383
505
592
286
91
290
380
388
375
380
631
1259
380
1010
380
506
651
105
633
798
11
380
337
505
885
19
1016
72
305
382
72
308
71
538
220
381
505
381
381
265
126
396
119
386
15
370
135
515
611
387
385
635
384
381
343
545
216
293
883
508
210
383
672
338
381
632
1044
384
380
507
593
287
91
290
384
377
381
383
629
1259
379
1009
381
506
651
106
633
798
10
382
336
505
885
19
1018
72
306
381
71
310
72
537
220
381
506
381
381
269
125
393
123
389
10
370
136
514
612
387
385
636
383
384
340
545
217
293
882
509
211
384
672
338
382
633
1046
383
380
507
592
288
92
294
380
382
378
382
629
1258
379
1009
381
505
651
106
634
798
9
382
336
504
886
19
1017
72
305
381
71
310
72
538
219
381
507
380
381
269
124
393
123
391
7
369
136
515
612
387
385
636
383
383
340
545
216
293
883
509
211
383
672
338
382
632
1045
383
379
508
592
288
93
293
380
381
379
382
630
1258
380
1010
382
504
651
106
633
798
10
383
336
505
886
18
1017
73
305
381
72
311
71
537
220
380
507
381
381
261
116
391
7
382
1023
238
149
237
271
387
343
42
221
386
506
387
634
479
30
342
383
533
102
381
382
509
507
630
381
637
891
383
633
509
382
383
381
385
378
381
505
1011
756
883
380
380
380
380
758
506
381
380
383
378
630
758
380
630
380
379
506
630
505
774
380
282
115
388
9
382
1026
235
148
237
270
387
344
43
221
383
507
386
634
479
32
344
384
530
106
379
381
509
507
631
383
635
893
381
634
508
381
383
381
386
378
381
506
1009
755
883
381
380
379
381
758
506
381
380
383
378
631
757
382
629
380
381
505
631
503
775
380
264
114
389
8
382
1022
241
147
236
270
388
342
43
220
383
508
386
635
478
32
346
385
528
106
379
382
508
506
633
382
634
894
382
633
507
383
383
386
379
379
381
504
1010
756
882
382
380
378
381
757
507
380
380
382
379
631
757
381
629
381
380
505
631
503
775
380
275
114
390
10
380
1023
241
148
236
269
389
342
42
220
384
507
386
636
477
32
347
385
528
106
379
383
508
505
634
381
635
893
382
631
509
382
384
385
379
380
381
503
1010
757
881
381
381
378
381
757
506
380
379
382
380
631
756
381
630
380
380
506
631
502
775
379
287
114
391
9
380
1023
240
147
237
270
389
343
41
221
383
508
385
636
478
32
347
385
529
106
379
384
507
506
634
381
635
893
382
631
509
383
384
385
379
379
384
501
1012
756
882
381
380
380
380
758
506
381
380
381
380
632
756
381
629
380
380
506
632
502
775
380
