263
18
7
19
10
11
23
283
35
515
398
12
185
14
361
8
11
13
8
270
90
510
132
9
102
13
381
10
4
496
261
139
6
232
394
117
3
269
8
395
2
388
10
384
388
7
387
4
381
7
505
7
380
506
8
512
7
632
8
757
10
509
387
4
514
10
381
9
640
9
375
496
2
387
6
765
11
622
25
363
382
5
385
9
506
8
382
11
375
389
5
762
8
379
4
1006
3
1769
385
5
504
1
1007
4
380
4
379
506
3
511
5
378
7
520
3
629
381
5
383
5
394
5
286
16
9
16
15
11
21
281
48
498
401
14
183
12
361
11
10
14
6
267
99
504
131
13
100
7
386
16
0
490
268
139
6
233
391
120
14
259
9
386
11
388
8
387
386
7
386
6
379
3
509
4
385
503
12
508
7
632
8
757
10
509
387
4
517
9
379
11
638
9
376
504
6
384
2
769
11
624
21
362
383
5
384
9
507
8
382
10
375
389
5
762
6
381
6
1004
5
1770
383
6
502
2
1008
4
378
4
381
504
3
511
5
377
5
523
4
628
380
5
382
6
395
3
323
13
14
15
17
8
22
291
32
503
401
14
188
6
362
10
9
15
7
270
91
509
129
12
100
8
385
12
5
488
269
138
6
234
391
119
5
267
8
408
0
378
8
387
385
6
387
6
379
6
508
6
382
507
5
514
5
633
7
758
10
509
386
7
511
11
380
10
638
9
376
503
4
386
8
763
11
622
25
362
383
5
385
9
507
7
383
10
376
388
6
762
6
381
5
1004
4
1768
387
4
502
2
1008
2
380
4
380
507
2
511
4
377
4
522
5
629
379
5
382
6
389
5
289
7
16
16
16
7
22
280
36
510
401
14
182
12
365
12
10
10
5
271
90
512
123
13
99
9
386
10
5
488
270
138
5
234
406
104
7
264
8
386
11
389
6
387
386
7
385
9
378
5
509
5
380
507
11
509
7
632
8
760
7
510
385
6
512
9
383
7
643
9
375
502
4
388
6
764
11
623
22
360
387
3
386
8
507
7
383
9
376
389
5
761
8
383
3
1005
4
1769
385
2
504
2
1005
5
379
5
382
502
5
507
6
379
5
520
5
629
378
6
382
6
386
3
311
9
15
15
16
9
19
280
39
509
399
15
186
4
368
13
6
14
8
268
98
506
128
14
98
10
386
10
5
486
271
137
7
233
389
121
5
267
9
387
9
389
6
388
387
6
387
7
379
5
510
4
387
498
12
507
9
631
6
758
10
511
383
7
511
9
383
10
639
9
376
502
5
387
6
764
10
624
22
361
386
3
385
8
508
6
382
10
376
388
7
760
5
382
6
1005
4
1767
387
5
502
4
1004
5
380
4
380
504
5
508
6
377
4
522
5
631
377
5
383
8
392
2
298
20
7
18
20
5
20
282
37
510
397
13
182
9
369
15
5
17
2
267
93
513
127
14
98
10
384
11
5
488
271
137
6
233
390
116
7
264
8
387
11
389
5
389
385
8
385
8
380
5
511
3
380
507
10
510
7
632
7
758
8
512
384
6
511
8
383
7
642
7
381
501
5
387
5
764
11
621
24
366
381
5
384
7
508
7
383
9
377
389
6
760
7
381
5
1005
4
1768
386
4
505
1
1004
5
381
3
381
504
5
513
1
378
5
521
5
631
377
5
384
12
387
2
296
18
10
18
14
12
14
285
35
506
400
13
184
10
366
17
2
12
7
270
92
514
124
14
99
11
383
15
1
488
269
137
6
234
390
121
9
261
19
378
10
388
5
389
386
6
386
8
379
5
509
5
379
508
10
508
6
633
8
758
8
512
385
6
512
8
384
5
641
8
379
503
5
387
5
765
11
621
22
361
384
6
386
8
506
7
384
9
377
388
6
761
6
381
6
1008
2
1768
385
5
505
1
1005
4
382
3
381
502
6
509
5
378
4
523
4
631
377
5
384
8
391
2
294
9
5
19
12
13
13
287
32
512
396
12
185
10
371
12
7
8
7
269
93
512
125
14
99
11
385
10
4
489
269
138
6
234
391
120
9
262
12
382
12
388
5
390
386
6
386
7
380
5
513
2
379
508
9
514
1
633
8
757
7
513
388
4
511
8
384
5
647
3
380
502
5
387
5
764
10
621
23
366
383
2
387
6
508
6
384
8
378
388
5
761
5
381
6
1005
3
1768
385
6
502
3
1004
4
382
2
383
500
7
507
6
379
4
522
4
631
377
5
385
7
392
3
275
17
11
13
12
14
11
287
33
510
397
12
185
8
370
14
4
12
6
269
93
513
125
15
100
9
383
12
3
489
270
138
5
234
396
117
7
263
18
377
9
388
4
390
386
6
387
8
380
3
512
3
379
509
9
510
6
634
6
759
7
513
385
6
512
7
385
5
645
3
381
501
5
387
7
763
10
620
23
361
386
4
388
5
508
6
385
6
378
387
6
762
5
382
5
1006
4
1768
386
5
502
4
1005
3
382
2
383
502
6
508
6
380
2
522
3
632
377
5
385
9
387
5
