268
390
395
517
638
102
657
511
387
390
633
635
828
56
832
54
510
384
1008
549
762
644
116
394
349
414
503
381
634
207
381
508
221
164
334
506
510
386
379
384
757
381
507
633
630
379
631
381
505
381
882
381
631
505
506
507
381
507
381
381
758
756
260
389
392
515
638
100
659
509
389
391
631
635
829
54
832
56
501
381
1012
549
761
645
114
394
349
413
506
380
637
205
385
504
212
171
334
507
509
384
379
383
757
381
506
633
628
382
631
381
506
380
884
381
631
508
504
506
381
507
380
380
758
757
267
391
395
517
637
102
659
508
391
388
632
636
828
57
830
55
503
381
1012
546
763
643
116
393
348
413
505
384
638
202
384
506
218
165
335
506
512
380
383
383
757
382
506
633
629
381
631
381
507
381
882
381
631
505
506
506
381
507
381
379
757
758
272
391
395
516
638
100
659
509
391
388
632
635
828
56
831
55
505
381
1011
547
761
642
117
392
349
414
505
383
637
202
383
507
219
169
331
505
512
382
381
384
757
381
505
633
628
382
631
382
505
382
882
381
632
506
505
506
380
507
381
379
757
758
286
391
396
516
638
100
659
511
389
389
633
635
829
55
831
54
505
382
1011
548
761
642
116
392
349
414
505
382
637
203
383
507
218
169
330
503
512
381
380
383
756
381
505
632
629
382
630
382
505
381
882
381
631
506
506
507
381
507
381
381
757
757
