291
4
9
371
14
9
283
67
520
12
399
6
512
7
232
8
55
481
148
9
5
9
383
349
100
10
194
715
38
3
91
7
422
207
8
185
12
384
7
394
14
378
764
4
388
8
511
12
889
11
507
392
5
219
9
386
400
383
6
627
10
384
7
761
8
381
814
195
4
506
761
3
386
6
403
8
756
7
380
385
5
380
7
377
7
508
8
382
388
3
511
3
630
6
631
7
380
638
3
385
2
756
4
879
3
1008
758
4
1490
302
1
2
367
17
13
280
74
515
17
393
8
515
4
231
15
49
487
144
5
9
9
383
351
99
9
190
718
38
5
90
7
421
208
8
184
11
386
21
377
10
383
764
9
384
8
512
12
889
10
511
389
5
220
13
383
402
387
1
627
8
386
11
759
10
382
816
192
5
506
761
6
384
6
403
8
755
8
380
384
5
381
7
376
5
511
6
382
388
4
510
7
626
6
630
7
379
639
2
386
4
753
4
882
1
1008
758
5
1488
292
7
13
366
9
17
281
70
515
12
399
5
513
6
234
9
55
482
146
9
7
7
386
350
106
1
191
719
38
5
90
6
425
205
5
186
11
388
6
391
9
383
764
9
384
8
512
11
892
6
508
392
8
216
9
389
399
381
6
629
6
386
8
764
8
382
820
189
4
506
761
4
385
6
402
7
756
7
381
384
6
384
1
378
5
511
6
387
383
6
511
4
628
6
629
7
380
638
3
388
1
754
5
878
5
1006
757
6
1486
291
5
12
362
15
15
280
75
512
19
390
7
515
4
237
9
50
486
145
11
4
10
384
350
98
9
192
719
40
4
89
8
424
203
4
188
11
388
10
386
9
385
763
7
386
8
512
12
891
7
507
392
6
218
7
390
398
384
6
627
9
385
8
764
9
382
819
188
6
507
758
4
385
8
401
7
756
7
382
382
6
379
6
379
5
513
3
382
387
4
512
4
626
8
629
7
380
638
1
384
3
755
4
879
5
1008
755
5
1488
294
9
12
368
8
17
276
74
515
13
396
9
515
7
231
6
57
479
148
4
11
8
385
350
97
11
189
721
38
7
88
7
423
205
6
186
12
388
9
385
15
380
764
3
390
8
511
11
899
1
506
391
8
217
10
388
399
383
7
626
8
386
7
764
9
381
812
194
6
508
758
4
384
8
401
5
757
8
381
383
5
381
6
378
5
510
7
384
385
6
508
6
627
8
630
5
382
638
2
384
4
754
5
878
4
1008
756
6
1488
298
8
10
378
1
16
277
75
513
13
397
8
516
5
234
5
55
484
161
1
7
3
383
351
96
12
188
722
42
2
92
3
423
206
6
188
9
397
0
388
9
384
763
3
390
7
512
10
893
7
507
391
5
220
9
388
401
381
8
625
8
385
7
765
8
382
812
196
6
513
753
8
381
8
403
4
759
7
381
383
6
379
6
378
7
507
7
383
386
6
509
8
625
8
629
5
383
637
3
386
2
755
5
880
3
1007
755
9
1485
293
8
2
374
8
10
277
74
512
12
397
6
521
2
234
5
54
486
147
7
6
10
384
350
96
13
187
721
40
6
89
5
423
206
6
188
9
391
8
388
7
384
765
4
388
6
514
9
894
6
507
391
6
221
6
390
402
383
4
628
8
385
6
766
7
382
812
193
7
509
757
5
382
8
403
4
758
8
379
385
5
379
5
379
7
508
6
382
387
5
511
6
626
7
630
4
382
638
4
383
3
756
4
882
1
1007
755
6
1487
275
18
2
373
7
13
278
74
513
12
396
10
514
5
235
6
56
483
148
6
8
6
385
349
97
14
186
722
40
5
91
4
422
206
5
190
8
392
13
383
7
384
765
2
389
7
516
6
895
5
508
392
7
220
8
388
402
383
4
628
8
384
6
767
6
382
813
193
8
509
756
8
381
8
403
3
758
8
382
382
7
380
4
381
6
507
7
381
388
4
512
5
627
7
632
3
382
639
3
386
1
757
3
881
2
1008
755
6
1487
297
10
8
372
9
14
280
74
514
9
396
7
518
4
237
4
56
481
149
0
7
6
385
349
96
14
186
722
40
5
91
3
423
206
5
190
7
404
0
386
6
385
765
1
389
6
515
7
895
6
508
392
8
217
7
390
401
383
4
628
6
386
5
767
5
382
815
191
7
509
756
7
382
29
383
3
758
7
386
378
5
379
6
380
6
509
6
384
386
4
511
6
627
6
632
3
383
639
3
384
2
758
3
880
3
1008
756
9
1484
271
1
7
116
9
250
33
21
13
162
9
184
11
193
199
507
11
516
11
391
9
515
11
383
514
7
758
10
584
54
8
318
8
64
6
389
391
5
508
8
390
6
503
8
503
636
2
391
7
387
8
637
9
1002
765
4
305
89
4
508
632
5
388
2
575
192
5
385
639
7
388
7
761
7
501
7
393
658
3
513
4
380
0
249
3
257
117
272
113
11
503
381
4
634
6
384
7
378
6
383
378
4
380
7
70
6
301
4
446
380
2
511
3
509
7
629
5
632
640
10
271
10
8
116
6
252
34
19
14
164
1
187
10
192
196
510
16
512
10
391
14
513
9
384
513
7
758
11
582
55
9
318
9
66
4
389
391
1
507
8
389
6
508
3
503
635
3
390
10
385
8
638
10
1000
766
5
305
91
4
508
633
6
387
5
573
191
6
385
638
7
387
7
760
7
501
8
395
656
3
513
9
376
4
251
5
258
117
274
113
7
507
380
5
635
6
384
6
378
6
381
381
3
380
4
74
3
303
4
446
381
2
510
5
506
5
631
6
632
640
5
303
7
14
112
8
250
39
15
14
165
1
188
11
191
197
509
13
514
7
401
6
514
8
387
510
10
758
10
581
54
9
318
7
66
5
386
392
1
506
9
389
6
505
6
504
635
3
391
8
387
8
638
10
1003
762
12
299
91
4
511
632
8
384
4
575
192
4
387
637
5
389
8
765
3
500
30
373
655
4
513
7
376
6
253
2
260
118
269
116
7
507
381
5
635
6
384
6
378
7
385
376
6
379
1
78
1
302
4
447
380
4
510
7
505
5
631
6
631
640
6
325
18
11
109
10
252
32
22
11
165
3
199
1
191
197
507
13
514
8
403
1
516
8
387
510
10
757
11
583
53
8
319
8
68
3
387
391
0
510
15
385
6
504
6
503
635
4
389
10
386
8
640
7
1003
762
9
302
91
6
509
632
7
385
6
574
188
6
385
638
5
389
7
762
6
502
7
397
653
6
511
8
376
5
253
1
259
119
272
113
7
507
380
6
634
6
385
7
378
6
383
380
6
377
4
73
5
301
8
443
381
3
511
6
506
4
631
7
631
639
6
265
9
11
120
2
248
39
14
12
165
4
190
10
193
196
507
11
517
8
394
8
517
9
386
509
11
759
9
583
54
9
318
7
68
5
389
389
1
511
10
385
6
505
7
503
636
3
388
8
389
6
639
8
1002
763
9
303
91
6
508
633
6
391
1
571
190
6
386
637
5
389
7
761
7
502
7
394
656
5
513
9
374
4
249
7
259
118
268
117
7
506
381
4
635
6
385
8
377
6
384
379
6
376
5
74
5
302
7
445
379
5
510
6
507
4
631
7
631
639
8
339
13
11
107
11
246
38
17
14
170
5
187
9
190
199
506
10
519
6
396
7
517
9
386
510
11
759
9
585
52
9
318
9
67
5
392
388
0
511
18
380
7
505
6
504
637
5
387
7
389
6
640
6
1003
762
10
302
90
7
509
631
7
385
5
578
184
6
386
639
4
389
6
763
5
503
6
394
655
8
511
10
372
5
250
5
264
115
272
113
6
507
380
5
636
5
387
5
378
5
384
380
6
376
4
76
1
301
7
446
378
5
510
5
507
4
632
5
634
637
11
293
14
9
114
13
247
37
11
23
155
11
184
11
188
202
503
11
526
1
395
10
513
9
388
509
13
757
9
586
51
10
317
7
70
4
391
387
1
512
14
384
6
507
5
505
636
5
387
8
390
6
638
8
1003
762
10
303
91
7
507
633
8
387
2
577
185
7
386
639
4
390
5
762
7
503
6
394
656
6
513
10
372
4
252
3
262
117
270
125
0
504
381
5
635
5
386
7
379
5
383
380
5
377
4
73
4
301
8
446
378
4
510
4
509
3
633
4
634
638
8
296
12
4
115
12
248
36
11
16
162
11
185
9
189
203
503
8
523
4
396
10
517
4
389
509
13
756
8
586
51
10
316
8
70
3
391
390
10
504
16
380
8
507
5
505
636
5
387
7
391
4
641
6
1004
761
11
302
91
6
508
633
6
384
5
578
187
4
387
640
2
390
5
761
7
503
5
395
656
6
513
11
372
3
256
1
261
115
269
116
7
506
380
6
635
3
387
5
380
4
384
381
5
375
6
74
3
302
7
447
377
6
510
5
509
1
634
3
635
637
7
280
6
7
113
9
251
40
7
16
168
7
190
5
190
203
502
11
523
2
401
5
515
6
390
509
11
757
8
586
53
8
317
7
72
2
390
389
2
512
22
375
8
506
5
505
636
4
385
6
394
1
641
5
1009
757
10
302
92
6
508
633
6
388
1
577
186
5
387
638
5
388
7
762
5
504
4
395
655
6
513
9
373
3
251
5
261
116
270
116
7
506
380
5
637
3
387
5
381
4
384
381
5
377
4
74
3
301
7
448
377
6
510
4
509
2
633
3
635
637
7
263
18
7
19
10
11
23
283
35
515
398
12
185
14
361
8
11
13
8
270
90
510
132
9
102
13
381
10
4
496
261
139
6
232
394
117
3
269
8
395
2
388
10
384
388
7
387
4
381
7
505
7
380
506
8
512
7
632
8
757
10
509
387
4
514
10
381
9
640
9
375
496
2
387
6
765
11
622
25
363
382
5
385
9
506
8
382
11
375
389
5
762
8
379
4
1006
3
1769
385
5
504
1
1007
4
380
4
379
506
3
511
5
378
7
520
3
629
381
5
383
5
394
5
286
16
9
16
15
11
21
281
48
498
401
14
183
12
361
11
10
14
6
267
99
504
131
13
100
7
386
16
0
490
268
139
6
233
391
120
14
259
9
386
11
388
8
387
386
7
386
6
379
3
509
4
385
503
12
508
7
632
8
757
10
509
387
4
517
9
379
11
638
9
376
504
6
384
2
769
11
624
21
362
383
5
384
9
507
8
382
10
375
389
5
762
6
381
6
1004
5
1770
383
6
502
2
1008
4
378
4
381
504
3
511
5
377
5
523
4
628
380
5
382
6
395
3
323
13
14
15
17
8
22
291
32
503
401
14
188
6
362
10
9
15
7
270
91
509
129
12
100
8
385
12
5
488
269
138
6
234
391
119
5
267
8
408
0
378
8
387
385
6
387
6
379
6
508
6
382
507
5
514
5
633
7
758
10
509
386
7
511
11
380
10
638
9
376
503
4
386
8
763
11
622
25
362
383
5
385
9
507
7
383
10
376
388
6
762
6
381
5
1004
4
1768
387
4
502
2
1008
2
380
4
380
507
2
511
4
377
4
522
5
629
379
5
382
6
389
5
289
7
16
16
16
7
22
280
36
510
401
14
182
12
365
12
10
10
5
271
90
512
123
13
99
9
386
10
5
488
270
138
5
234
406
104
7
264
8
386
11
389
6
387
386
7
385
9
378
5
509
5
380
507
11
509
7
632
8
760
7
510
385
6
512
9
383
7
643
9
375
502
4
388
6
764
11
623
22
360
387
3
386
8
507
7
383
9
376
389
5
761
8
383
3
1005
4
1769
385
2
504
2
1005
5
379
5
382
502
5
507
6
379
5
520
5
629
378
6
382
6
386
3
311
9
15
15
16
9
19
280
39
509
399
15
186
4
368
13
6
14
8
268
98
506
128
14
98
10
386
10
5
486
271
137
7
233
389
121
5
267
9
387
9
389
6
388
387
6
387
7
379
5
510
4
387
498
12
507
9
631
6
758
10
511
383
7
511
9
383
10
639
9
376
502
5
387
6
764
10
624
22
361
386
3
385
8
508
6
382
10
376
388
7
760
5
382
6
1005
4
1767
387
5
502
4
1004
5
380
4
380
504
5
508
6
377
4
522
5
631
377
5
383
8
392
2
298
20
7
18
20
5
20
282
37
510
397
13
182
9
369
15
5
17
2
267
93
513
127
14
98
10
384
11
5
488
271
137
6
233
390
116
7
264
8
387
11
389
5
389
385
8
385
8
380
5
511
3
380
507
10
510
7
632
7
758
8
512
384
6
511
8
383
7
642
7
381
501
5
387
5
764
11
621
24
366
381
5
384
7
508
7
383
9
377
389
6
760
7
381
5
1005
4
1768
386
4
505
1
1004
5
381
3
381
504
5
513
1
378
5
521
5
631
377
5
384
12
387
2
296
18
10
18
14
12
14
285
35
506
400
13
184
10
366
17
2
12
7
270
92
514
124
14
99
11
383
15
1
488
269
137
6
234
390
121
9
261
19
378
10
388
5
389
386
6
386
8
379
5
509
5
379
508
10
508
6
633
8
758
8
512
385
6
512
8
384
5
641
8
379
503
5
387
5
765
11
621
22
361
384
6
386
8
506
7
384
9
377
388
6
761
6
381
6
1008
2
1768
385
5
505
1
1005
4
382
3
381
502
6
509
5
378
4
523
4
631
377
5
384
8
391
2
294
9
5
19
12
13
13
287
32
512
396
12
185
10
371
12
7
8
7
269
93
512
125
14
99
11
385
10
4
489
269
138
6
234
391
120
9
262
12
382
12
388
5
390
386
6
386
7
380
5
513
2
379
508
9
514
1
633
8
757
7
513
388
4
511
8
384
5
647
3
380
502
5
387
5
764
10
621
23
366
383
2
387
6
508
6
384
8
378
388
5
761
5
381
6
1005
3
1768
385
6
502
3
1004
4
382
2
383
500
7
507
6
379
4
522
4
631
377
5
385
7
392
3
275
17
11
13
12
14
11
287
33
510
397
12
185
8
370
14
4
12
6
269
93
513
125
15
100
9
383
12
3
489
270
138
5
234
396
117
7
263
18
377
9
388
4
390
386
6
387
8
380
3
512
3
379
509
9
510
6
634
6
759
7
513
385
6
512
7
385
5
645
3
381
501
5
387
7
763
10
620
23
361
386
4
388
5
508
6
385
6
378
387
6
762
5
382
5
1006
4
1768
386
5
502
4
1005
3
382
2
383
502
6
508
6
380
2
522
3
632
377
5
385
9
387
5
279
9
2
5
17
9
22
337
402
16
396
13
502
269
404
11
5
514
391
8
393
13
764
15
761
14
386
399
8
384
9
513
10
386
14
389
394
4
383
15
382
9
511
9
513
387
8
386
10
389
11
390
16
634
763
5
389
2
386
7
377
8
756
382
3
506
4
504
5
378
8
381
380
6
376
4
403
7
391
9
377
634
8
888
5
382
7
766
0
757
632
4
388
4
384
5
387
4
376
506
3
386
5
504
4
631
9
631
381
4
633
5
509
7
521
8
349
5
16
18
16
13
15
339
402
15
396
12
504
268
404
17
2
510
391
9
391
13
765
14
761
13
386
399
9
383
10
510
11
386
14
391
389
5
383
12
387
10
513
5
511
388
7
387
10
390
13
388
14
633
766
6
388
1
385
8
377
9
762
375
3
508
0
506
5
377
9
391
371
3
383
1
403
7
391
8
378
633
6
889
6
381
7
762
5
755
633
4
389
2
385
5
384
7
378
505
3
385
4
505
4
631
9
631
380
4
633
5
509
6
520
8
299
12
7
28
4
14
20
339
402
15
395
13
504
267
404
11
8
511
390
11
389
13
766
13
760
14
387
398
10
382
9
512
10
386
14
390
387
8
384
12
385
12
515
3
512
387
7
387
10
389
16
386
14
633
765
4
396
1
381
8
376
7
757
382
2
507
3
506
5
377
8
382
379
5
380
3
403
30
367
10
379
631
7
889
7
382
7
760
5
755
635
7
385
6
382
6
381
7
376
507
3
385
7
502
5
632
7
631
380
4
632
6
509
6
521
8
316
8
13
22
7
16
23
336
406
12
395
12
506
264
407
11
8
511
388
11
389
12
767
11
763
12
389
397
8
384
11
512
9
388
14
389
387
9
384
9
387
9
513
7
511
388
7
387
11
391
11
389
12
633
765
5
388
4
389
5
379
6
755
372
4
508
2
510
1
378
6
384
377
6
377
4
404
6
389
10
378
634
8
888
7
381
7
762
4
753
637
8
384
6
381
6
382
7
379
503
3
384
7
503
4
633
5
633
379
5
633
5
509
6
523
5
312
7
21
27
1
12
19
335
406
12
395
12
504
266
406
14
4
513
388
11
390
11
768
13
759
12
391
396
9
384
8
515
8
388
13
389
387
9
383
10
388
7
515
6
514
386
7
387
13
388
12
389
11
637
762
5
388
5
386
5
377
9
755
382
3
510
0
503
7
378
5
384
376
5
379
4
404
5
391
8
378
634
7
888
7
382
6
762
3
755
636
8
384
5
382
5
392
1
375
505
4
385
7
502
5
631
8
632
382
3
632
5
510
4
522
7
330
26
2
22
11
9
20
335
415
1
405
1
505
266
407
17
1
512
388
12
392
8
769
12
760
11
392
395
7
386
9
512
9
391
9
392
386
13
379
10
386
9
512
8
513
387
7
388
10
390
13
392
7
638
762
5
389
6
385
6
377
6
755
380
7
504
3
505
5
377
8
386
375
8
375
5
405
4
391
8
378
636
7
888
8
382
5
762
3
756
634
5
387
5
382
5
385
5
377
506
3
383
6
506
2
631
7
635
377
5
633
5
509
6
521
7
296
13
6
23
15
8
19
335
405
9
400
6
503
272
411
8
4
511
388
11
389
11
769
13
760
10
393
396
7
385
9
515
7
391
9
389
395
15
371
8
388
8
514
7
512
388
7
387
11
390
13
387
11
638
763
4
393
1
386
6
375
8
758
378
6
510
0
503
6
377
6
387
374
9
378
2
403
4
392
7
379
634
8
888
8
382
6
759
5
756
637
3
386
5
383
4
385
7
377
505
4
383
5
502
4
630
7
634
381
4
632
7
505
7
521
7
300
14
14
17
14
8
19
338
403
10
406
2
500
273
411
8
3
511
389
11
390
10
769
11
761
9
394
395
6
385
8
513
7
392
8
391
391
7
385
5
388
7
514
7
513
388
7
388
11
391
11
389
9
639
762
4
394
1
389
2
375
9
758
376
7
505
3
507
3
378
5
388
373
10
375
4
407
1
394
6
378
635
8
888
9
384
3
759
4
755
638
4
384
6
383
4
386
7
375
506
4
386
4
503
5
631
7
633
382
3
632
7
507
5
522
7
280
15
14
18
12
17
7
341
402
8
402
2
503
270
408
10
5
512
390
9
390
10
771
10
761
9
395
395
7
384
9
515
6
393
8
390
391
8
392
1
385
8
514
6
513
389
7
388
9
393
11
389
7
640
761
4
394
1
386
5
376
8
763
373
6
506
3
506
4
379
5
388
373
9
375
3
409
0
394
6
379
633
10
886
9
384
4
760
4
755
638
3
387
4
383
4
387
6
377
503
5
387
3
505
4
631
6
635
379
5
637
1
506
6
522
6
282
10
11
335
54
7
327
21
118
7
292
1
3
75
10
394
149
9
362
10
367
13
7
375
15
477
490
289
513
10
89
5
136
8
127
137
110
13
393
381
7
601
274
115
8
387
9
123
12
262
5
748
11
5
382
388
5
393
5
507
9
507
10
755
380
8
1144
7
412
215
4
159
2
346
418
245
7
298
42
8
28
30
0
1
392
9
0
74
6
419
6
79
34
352
510
3
789
373
131
5
97
4
144
4
129
380
6
599
631
6
387
7
383
10
628
10
635
510
6
509
11
382
8
566
383
6
384
9
289
221
2
284
12
506
6
1007
4
755
505
6
383
8
287
7
11
339
55
10
325
20
117
7
279
10
12
70
10
397
148
10
364
3
372
14
9
372
12
482
488
289
512
10
89
11
130
6
126
137
122
1
395
384
8
600
274
114
8
387
11
122
13
258
9
747
11
8
381
386
5
392
7
505
9
507
9
758
378
11
1141
8
409
218
2
169
0
343
413
246
5
301
41
9
35
2
1
8
403
10
0
74
6
418
6
80
24
352
511
3
785
378
133
2
96
4
144
5
129
380
6
597
632
8
385
5
384
12
629
9
637
508
6
514
5
382
8
566
383
6
385
8
289
221
2
285
3
514
7
1008
2
757
503
7
389
1
282
10
15
336
54
9
327
18
120
7
277
8
12
72
9
394
151
5
373
0
369
12
12
381
1
481
491
286
516
1
103
2
131
8
128
137
108
13
407
371
8
598
273
117
10
385
9
129
10
257
7
748
10
7
383
385
6
392
9
503
9
508
9
757
378
8
1147
5
409
217
4
160
4
345
420
240
4
303
40
8
30
2
3
12
406
4
0
77
4
418
7
78
24
355
507
4
786
374
131
7
95
4
143
6
130
379
6
598
633
6
388
5
382
8
632
7
638
509
5
509
9
383
9
567
381
5
388
5
289
221
3
293
1
507
4
1010
3
754
505
7
389
1
259
3
5
338
49
9
320
16
121
9
275
12
11
70
10
396
154
4
363
9
370
10
12
372
3
488
491
286
514
9
94
5
132
6
136
134
108
8
397
382
8
600
270
118
7
388
9
125
12
258
7
748
11
9
381
387
6
390
8
504
9
507
9
756
379
8
1144
7
409
218
4
160
2
347
417
245
3
304
39
10
26
5
7
6
401
8
3
78
1
419
6
79
25
354
508
5
786
373
131
7
98
3
144
3
130
379
6
598
631
6
387
6
383
9
632
7
638
509
6
514
6
383
10
568
379
6
385
9
287
222
5
281
6
512
6
1009
3
754
505
7
387
1
286
14
14
337
61
9
319
14
131
7
276
5
12
69
14
392
151
6
363
8
371
9
12
375
1
487
490
286
515
2
100
5
132
6
135
132
111
9
395
383
8
598
271
119
8
387
8
131
7
259
7
753
9
6
381
386
8
389
9
505
7
508
9
757
378
8
1145
6
412
216
6
158
2
347
417
247
2
304
37
9
31
8
0
6
402
6
5
75
5
420
6
80
26
351
511
5
786
373
134
5
96
5
143
5
130
379
5
600
629
5
389
4
387
7
631
6
638
509
6
509
11
383
8
564
385
5
387
5
289
220
5
282
5
510
6
1011
4
754
504
6
384
4
318
15
18
338
51
14
319
13
127
11
271
10
13
68
13
391
156
5
361
7
371
12
12
371
3
489
489
287
516
1
96
7
135
3
130
138
110
7
397
384
6
598
273
119
10
386
8
128
9
259
6
750
15
3
381
386
8
391
7
505
6
510
7
755
381
10
1143
7
411
218
3
159
2
347
415
246
5
302
39
9
30
2
8
6
400
8
3
78
27
397
6
79
26
351
510
5
785
374
132
6
97
5
144
2
131
383
2
599
630
6
389
4
384
8
632
7
639
508
4
509
11
384
6
566
384
4
386
7
290
220
5
284
3
511
6
1010
3
754
504
5
385
4
277
8
16
337
55
11
320
15
131
1
274
12
12
68
11
393
154
8
365
6
374
9
11
371
4
489
489
286
513
4
98
5
135
3
128
143
106
7
400
379
9
596
273
120
8
389
4
133
5
258
8
749
13
4
380
387
8
391
8
504
6
510
7
757
378
11
1142
8
413
214
6
160
1
346
416
247
2
302
38
8
30
3
5
9
404
5
5
78
0
420
5
79
26
351
510
6
784
376
133
4
95
6
143
5
131
380
4
600
629
6
389
4
385
10
630
7
639
510
4
516
5
383
7
565
386
3
386
7
289
219
6
281
6
509
6
1011
4
755
504
6
384
4
286
22
8
336
58
13
317
14
128
4
276
13
11
67
11
395
156
3
366
6
383
2
9
371
2
489
489
286
516
2
97
5
135
3
128
144
106
6
399
382
8
597
275
117
7
389
6
131
8
258
6
751
12
6
381
388
5
391
8
503
6
511
6
758
378
8
1146
6
414
213
6
159
2
345
416
246
6
300
38
10
28
6
5
7
402
6
4
75
3
424
2
80
26
352
510
6
785
376
133
3
96
5
145
2
131
382
1
599
631
7
385
4
385
11
629
6
640
509
5
512
8
385
6
565
384
4
386
7
290
218
7
282
6
509
4
1011
4
755
505
6
384
4
278
15
12
341
54
16
314
17
125
6
278
11
9
68
13
391
155
7
366
4
373
11
11
370
3
491
489
287
514
1
97
4
138
2
128
143
104
7
400
381
12
592
274
118
6
393
3
131
8
257
7
753
11
5
383
386
6
393
7
503
5
514
3
758
378
9
1142
8
413
214
5
162
0
346
414
247
4
302
37
11
26
11
1
7
402
7
3
76
3
422
4
80
28
352
510
6
785
375
132
3
97
4
143
5
131
378
5
600
632
4
385
5
387
8
631
6
640
509
4
511
8
386
6
565
383
5
387
6
288
219
7
290
0
507
5
1011
4
755
505
5
383
6
282
332
158
12
14
3
127
242
150
26
1
375
354
41
8
519
199
3
112
325
60
6
271
121
5
430
335
123
9
515
245
8
289
385
356
236
10
141
8
384
2
393
5
382
382
11
382
7
383
4
382
10
382
1022
9
386
8
1021
5
885
17
381
376
6
508
11
882
8
529
8
755
512
11
505
8
510
1
1007
7
375
508
7
270
117
7
260
10
110
5
275
5
378
388
2
387
8
380
6
386
5
506
381
2
381
3
381
4
377
6
634
378
7
500
6
412
5
386
4
379
634
10
497
8
499
7
298
332
161
13
14
8
126
242
149
12
10
375
358
38
8
518
199
2
112
326
58
8
268
121
4
432
340
116
6
516
248
8
286
389
354
240
7
142
10
378
7
393
5
381
383
4
389
7
384
4
384
8
383
1022
7
387
7
1021
7
883
15
381
380
6
509
9
884
9
526
6
755
512
10
505
7
508
5
1007
5
374
511
7
270
117
7
261
9
111
5
275
4
383
384
2
388
7
380
6
385
6
507
382
5
378
3
382
1
379
6
631
381
2
505
8
411
6
385
5
381
630
11
496
3
504
8
280
333
161
11
15
14
126
240
144
15
13
374
352
43
6
524
195
5
114
322
59
8
269
120
7
429
333
122
5
518
245
9
285
387
355
238
9
143
8
382
4
394
5
381
383
3
388
10
381
9
377
8
385
1018
7
387
8
1020
7
883
13
382
380
7
509
7
886
7
529
8
760
506
11
505
7
505
9
1009
3
375
510
8
269
116
8
260
10
111
4
275
5
380
386
5
385
7
383
5
385
5
506
382
8
376
4
379
4
378
5
632
381
4
506
1
415
3
387
4
377
636
8
497
4
505
6
293
333
159
13
20
8
127
240
150
12
13
371
355
42
10
520
204
1
104
326
58
6
269
120
9
428
334
120
10
518
241
8
287
388
358
237
7
143
9
382
3
394
5
382
381
4
389
7
385
10
378
7
386
1019
7
387
7
1021
9
881
16
384
383
1
507
8
887
6
528
11
753
512
11
506
6
507
7
1004
5
375
511
8
270
115
11
257
12
110
4
275
4
380
387
5
385
6
385
3
387
4
506
381
6
379
4
379
6
377
4
632
380
6
501
5
414
5
392
0
376
635
6
501
3
507
4
259
336
153
5
19
14
127
234
148
15
13
370
361
38
9
521
194
7
116
318
59
8
269
124
6
428
337
119
9
515
243
13
282
391
355
235
10
141
9
380
7
394
4
383
381
6
388
7
392
6
374
6
388
1017
7
388
8
1020
8
882
13
383
380
9
507
6
885
8
529
9
754
512
15
501
6
506
9
1005
5
375
510
7
270
115
8
260
11
113
3
274
5
379
388
4
386
6
386
2
386
5
507
380
5
379
3
383
2
376
5
634
378
4
505
2
415
4
386
5
377
634
7
500
1
506
6
288
334
157
12
22
7
128
237
149
13
13
369
358
40
8
527
191
5
115
322
64
5
268
123
6
428
332
123
6
516
244
8
287
387
358
234
8
143
9
382
4
395
3
386
378
6
387
7
386
12
375
6
387
1018
7
389
8
1020
6
882
14
384
380
8
506
7
888
5
528
9
757
508
15
502
6
506
8
1009
2
375
512
8
269
115
9
261
9
112
5
273
5
380
388
4
386
5
385
1
388
3
508
381
7
380
1
382
3
376
3
633
380
4
502
5
415
4
387
5
379
632
6
499
4
504
6
265
333
158
7
17
11
136
228
149
17
14
365
358
42
8
522
194
4
115
321
62
7
267
123
8
427
333
121
10
513
244
9
287
387
358
234
7
143
7
383
5
394
4
384
381
4
388
6
388
16
370
6
388
1018
7
390
6
1020
6
882
12
386
378
8
507
7
885
9
528
9
754
511
14
503
5
507
8
1005
5
377
511
9
268
114
8
261
10
111
5
273
4
381
386
5
388
3
385
2
387
4
510
380
3
379
4
383
1
379
2
633
380
6
502
4
413
5
390
2
378
633
4
503
5
505
4
318
338
151
10
20
9
127
237
150
17
9
368
361
38
8
523
194
4
113
325
61
7
268
121
8
427
334
123
4
516
245
8
288
388
359
234
7
144
7
382
6
393
5
382
382
5
389
5
388
13
371
6
388
1018
6
392
6
1019
7
883
13
386
379
9
505
5
886
8
527
10
756
518
7
502
5
509
6
1006
4
377
512
9
268
116
6
261
10
113
3
273
4
381
386
5
386
4
386
2
386
3
509
381
5
381
1
382
3
376
3
633
379
5
501
5
414
5
387
6
376
636
6
498
6
504
5
325
337
154
9
20
10
127
241
148
16
11
368
358
41
9
522
193
6
112
325
61
7
267
122
8
428
333
122
6
515
246
9
287
390
358
232
7
144
6
383
8
391
4
384
383
2
389
5
391
13
370
5
391
1016
6
392
6
1020
4
884
12
387
380
7
507
3
886
8
527
10
757
508
15
501
6
508
5
1009
1
378
511
9
269
117
5
262
11
109
7
273
3
382
385
4
388
3
386
3
386
3
510
380
6
378
3
379
5
378
3
633
380
6
502
5
413
5
386
6
377
633
8
503
1
504
4
278
24
1
27
1
21
9
13
14
340
58
16
359
90
6
53
8
66
3
386
46
19
378
387
13
391
9
646
11
638
11
385
515
7
388
9
386
11
635
6
524
376
7
641
9
759
4
101
5
282
383
5
633
7
385
10
125
5
378
383
5
391
3
391
8
383
17
382
496
8
3
630
882
635
6
254
8
117
16
231
26
380
10
735
17
3
605
7
16
5
488
9
131
500
9
258
506
6
608
19
2
369
114
3
505
519
237
5
382
382
10
629
4
381
7
506
5
503
733
277
628
3
378
6
503
6
394
8
570
179
5
384
317
46
1
2
20
19
15
18
5
341
60
11
371
83
7
50
11
65
7
383
42
10
395
380
14
390
11
645
10
637
10
386
515
10
385
7
386
11
634
8
514
385
5
643
9
759
6
98
6
281
382
11
627
5
388
9
121
8
378
383
4
390
6
389
9
383
17
383
491
13
2
630
882
635
7
253
6
118
16
233
27
378
6
735
21
4
604
8
16
6
489
9
129
501
10
260
503
6
608
20
2
367
116
3
506
520
236
4
381
383
8
630
4
380
8
506
5
503
733
277
626
3
377
4
508
29
368
5
574
179
5
385
255
24
6
23
16
18
16
10
12
340
64
9
357
92
4
55
8
75
1
385
41
8
388
388
12
391
11
645
9
638
11
385
514
9
386
11
385
11
635
7
514
385
7
641
9
760
5
100
7
284
378
5
631
4
389
9
120
11
376
382
9
387
6
389
8
386
14
382
492
14
4
627
883
634
5
264
0
115
15
232
31
379
2
734
21
5
604
8
20
2
490
9
129
501
9
258
506
6
608
19
2
369
114
2
507
519
235
5
384
382
7
630
4
381
7
505
7
503
733
278
625
11
370
4
507
4
395
7
572
177
6
382
297
15
19
8
26
18
14
12
11
341
61
11
363
87
9
51
9
63
10
384
41
7
391
385
14
391
14
641
12
640
7
385
514
9
386
10
385
10
636
14
506
385
4
646
6
765
1
100
5
283
380
9
631
8
384
9
121
10
376
382
9
387
7
387
8
382
17
381
493
15
6
627
878
639
3
256
7
125
7
232
26
380
6
735
21
5
603
9
18
4
490
8
130
501
9
260
503
6
607
19
3
369
114
1
509
517
235
5
380
384
8
630
6
379
7
506
6
503
733
277
628
4
376
6
502
6
400
1
572
178
5
383
293
23
20
2
21
16
21
8
11
338
62
9
364
87
6
56
9
66
9
378
43
13
386
387
14
389
11
645
12
641
4
388
511
9
386
9
387
9
634
17
509
382
16
632
8
763
4
99
5
281
382
9
632
5
385
10
119
10
377
382
8
388
7
387
8
386
14
382
492
14
7
626
879
637
4
257
5
122
11
231
24
381
15
727
33
0
595
7
17
5
490
7
130
501
8
258
505
6
607
19
3
366
116
2
509
517
236
6
380
384
8
630
6
381
4
508
5
502
737
278
623
6
375
3
505
6
395
5
572
178
4
383
319
10
21
12
17
16
17
12
18
334
63
5
369
84
7
54
8
64
12
380
43
8
390
385
14
390
10
646
12
640
6
387
512
11
384
9
389
7
647
6
504
385
4
643
7
764
4
101
3
281
382
8
632
6
385
10
123
5
378
382
7
388
8
387
8
383
16
379
498
12
7
626
879
639
4
254
8
121
11
232
25
380
6
737
19
4
604
7
16
6
492
6
131
502
7
260
503
6
607
19
4
366
116
2
507
518
238
4
379
386
6
631
6
379
5
507
5
503
735
277
625
5
378
0
508
5
394
5
573
177
4
382
285
19
21
10
15
13
20
11
19
333
58
9
368
87
7
55
7
65
12
383
42
8
390
385
14
390
10
646
11
641
4
389
511
11
384
8
390
7
636
16
507
382
4
644
7
764
4
100
4
282
382
8
635
3
385
11
118
10
379
382
6
389
9
386
7
384
14
384
495
10
7
626
876
639
6
254
9
120
10
232
25
381
8
735
21
3
604
7
18
2
493
6
131
504
5
258
506
6
608
19
5
364
117
2
508
517
240
3
380
386
6
630
5
379
5
506
7
502
736
277
624
10
378
0
502
8
395
6
572
178
4
383
304
13
22
11
13
15
24
6
18
333
62
7
364
87
9
51
11
65
10
381
44
9
389
385
14
389
10
646
10
642
3
389
514
9
385
7
390
7
637
14
511
380
6
644
5
765
3
101
3
283
382
7
632
7
385
13
117
9
379
383
5
389
9
386
8
382
15
379
500
10
7
628
876
640
5
253
9
121
10
233
27
378
6
737
20
3
606
6
15
6
492
6
131
503
7
258
506
5
609
18
5
364
118
2
506
519
238
4
382
383
8
630
6
380
5
508
4
502
737
276
625
6
376
7
501
8
396
4
573
178
4
383
290
16
21
8
12
16
26
10
9
334
60
10
369
83
8
49
10
67
8
383
41
13
387
384
13
390
11
647
9
641
4
389
513
9
385
5
390
7
640
11
507
384
5
643
6
766
2
100
3
284
383
6
632
6
386
12
118
8
379
383
5
390
9
385
8
383
15
379
499
11
8
627
883
632
5
254
9
122
9
232
24
381
6
737
21
1
607
5
15
5
493
5
133
500
9
257
506
6
609
20
4
363
118
2
507
518
240
2
382
382
7
631
5
380
5
508
5
502
737
280
620
8
377
3
502
8
399
1
573
177
5
384
306
9
13
382
396
15
409
11
390
1
387
12
374
394
9
517
13
509
15
389
11
378
391
10
634
8
1010
11
771
9
756
99
9
15
13
613
513
6
122
9
262
10
619
513
7
385
8
389
10
431
71
5
762
515
4
295
659
362
33
6
379
598
183
3
109
220
61
388
4
403
2
387
6
505
8
629
772
2
374
7
384
13
383
8
383
389
4
637
8
633
11
505
6
884
1000
9
1007
7
381
7
380
7
631
508
7
10
3
384
511
6
270
12
7
378
400
16
405
11
388
16
385
14
379
391
6
517
14
508
15
387
12
378
388
12
635
7
1007
10
771
9
756
99
4
20
14
600
530
14
112
8
262
9
619
513
7
384
8
390
8
437
67
8
759
515
4
295
659
348
32
4
382
593
188
3
108
221
61
387
6
402
3
387
7
502
9
628
772
1
377
8
383
9
387
9
383
389
4
636
9
633
10
506
5
878
1006
6
1010
7
380
7
380
6
632
508
2
12
1
382
514
6
254
12
15
377
396
19
408
6
390
1
384
13
374
394
9
516
14
509
15
387
12
378
389
11
634
8
1011
10
772
9
760
95
4
22
12
608
521
11
118
6
264
9
619
514
6
385
8
389
9
433
72
7
759
516
5
295
660
350
32
6
381
595
184
8
105
220
61
390
10
397
3
387
8
503
7
628
772
1
378
7
384
10
386
10
383
388
5
636
8
634
10
506
5
881
1002
4
1011
8
381
6
382
5
632
508
3
13
2
382
514
7
272
7
16
377
398
14
405
14
385
1
394
9
371
396
8
518
13
510
13
388
11
381
388
12
633
8
1009
10
773
9
757
98
6
19
12
609
523
9
119
7
263
8
620
513
6
385
8
389
8
434
71
7
758
516
5
294
658
351
32
6
377
594
186
8
108
216
62
388
10
396
3
387
7
505
6
629
772
1
378
8
384
8
386
8
384
386
5
636
6
636
10
507
4
877
1006
6
1011
7
381
7
381
5
635
506
2
13
2
383
513
6
290
19
8
377
397
15
406
12
388
2
390
13
372
393
11
517
12
516
8
389
11
382
387
11
637
8
1007
9
773
9
760
95
5
22
10
617
514
9
120
8
261
8
623
511
6
385
10
386
12
430
72
7
759
516
5
298
655
351
32
5
380
596
187
5
108
217
63
388
7
401
3
387
8
502
9
628
773
1
379
8
385
7
387
8
386
386
5
637
6
634
9
507
5
879
1003
5
1013
7
381
6
379
5
636
505
4
11
3
381
515
7
294
14
15
374
398
17
402
12
389
1
388
13
376
389
9
524
6
511
11
393
7
382
388
11
635
10
1009
7
773
9
757
99
5
20
12
608
524
10
118
8
262
8
622
512
8
384
10
386
12
432
69
7
759
515
6
295
656
354
33
3
380
595
186
4
107
217
62
391
5
401
2
386
8
504
8
628
773
0
378
7
383
10
388
7
386
386
6
636
5
636
8
509
3
880
1003
6
1012
6
381
7
381
5
636
505
6
10
3
380
516
5
287
7
17
372
397
17
403
13
388
4
394
11
376
390
9
518
12
513
9
393
7
382
387
12
641
5
1008
7
774
8
757
99
5
21
11
611
522
7
120
8
263
7
623
512
6
384
12
385
12
437
66
7
761
513
6
297
656
352
34
10
376
594
186
4
108
218
61
390
7
399
4
386
7
504
9
628
772
0
379
8
383
10
389
6
386
386
6
636
5
637
8
508
4
880
1003
5
1013
5
382
6
382
5
635
504
4
10
4
380
516
7
281
13
13
372
397
17
406
8
390
2
389
11
376
391
8
519
10
515
8
395
5
382
390
10
641
5
1008
6
775
7
757
99
6
20
10
622
512
7
121
8
262
7
624
511
6
386
9
386
14
434
68
7
760
514
6
297
656
355
34
6
382
592
185
4
109
218
61
391
7
399
4
389
3
503
10
627
772
0
379
8
383
10
389
6
387
386
7
634
5
638
7
507
4
877
1006
5
1012
6
382
5
382
5
637
505
3
11
5
379
516
6
298
16
10
372
398
17
413
1
390
6
396
12
377
392
6
522
9
516
6
395
5
382
390
9
640
5
1008
5
775
6
758
100
5
21
14
604
525
7
121
7
262
7
625
511
6
387
8
386
12
435
68
6
761
514
6
296
656
357
36
6
377
593
187
4
109
218
59
393
5
399
5
388
5
503
10
626
770
1
381
7
384
8
390
5
386
386
6
635
4
638
6
508
5
877
1006
6
1013
5
383
4
383
4
637
506
2
12
5
379
517
6
267
16
16
10
20
304
157
16
121
153
209
33
8
641
120
8
504
7
149
9
389
395
13
391
11
641
11
373
12
8
636
389
13
382
12
385
10
377
8
392
383
8
632
8
386
6
508
9
384
1270
7
511
11
507
8
631
10
378
736
158
4
340
11
384
4
387
10
378
266
388
3
234
7
542
231
9
387
218
3
170
4
207
173
462
380
2
381
8
385
7
379
255
3
505
11
371
3
7
382
388
1
485
379
2
22
4
758
603
152
6
380
385
6
391
8
758
10
944
229
3
149
2
406
3
1008
4
301
13
20
7
25
300
160
14
122
155
210
33
9
639
119
5
518
7
149
8
390
395
13
391
10
641
12
371
11
9
638
386
6
389
10
387
9
385
1
384
390
9
634
6
385
8
509
7
385
1268
8
510
8
509
9
633
9
379
731
163
6
339
10
388
1
386
9
380
266
386
3
233
7
543
229
9
388
217
3
169
5
212
169
459
381
5
379
9
386
7
379
255
7
500
11
368
6
5
385
386
2
484
379
3
21
3
762
601
152
7
380
384
9
387
7
759
9
944
229
5
147
2
405
7
1006
3
303
24
13
7
24
300
160
18
118
151
211
37
8
634
124
5
517
9
147
12
390
394
11
391
11
643
10
375
8
8
635
390
6
389
9
390
7
378
6
384
391
19
622
7
386
7
509
8
384
1270
7
511
9
508
9
634
7
380
732
162
7
338
11
384
3
388
9
380
267
386
4
233
7
544
230
11
386
217
28
145
6
208
173
459
380
3
381
9
386
8
382
251
5
503
9
372
7
4
384
387
1
484
378
4
26
1
755
605
151
7
380
385
8
389
8
758
7
948
228
6
147
3
405
7
1005
3
298
20
19
5
25
300
157
16
121
159
206
38
1
638
135
1
512
4
146
12
388
398
9
392
9
644
10
372
10
9
636
390
4
390
9
405
1
372
4
389
384
9
632
7
387
5
510
8
384
1269
7
512
7
510
9
633
7
380
733
161
5
339
10
386
2
388
9
380
266
386
8
229
7
545
231
9
386
217
6
172
1
207
175
459
381
2
378
10
387
8
377
257
3
504
7
370
9
5
384
386
2
483
379
4
23
3
756
604
152
8
380
385
8
388
7
759
6
948
229
31
122
3
406
5
1003
3
301
9
18
9
17
310
158
8
123
147
214
28
11
637
124
4
515
3
146
12
389
392
14
392
9
643
9
373
10
8
636
390
7
390
9
388
8
380
6
380
396
8
632
6
388
5
510
7
388
1266
6
511
6
511
8
633
7
381
731
163
5
340
9
385
4
387
9
380
267
386
4
234
6
544
231
6
390
216
1
170
6
208
172
458
382
9
372
10
385
9
378
258
1
503
8
371
7
7
384
386
3
483
378
4
21
4
758
603
152
9
378
385
5
393
6
759
7
947
229
7
149
1
404
7
1003
5
282
16
21
11
13
315
150
14
121
150
213
31
12
637
124
4
513
4
149
9
388
393
14
391
10
643
10
374
9
8
636
391
5
393
7
391
5
380
6
380
393
11
632
4
387
4
511
7
386
1268
11
508
7
512
6
634
6
381
734
160
5
340
8
389
0
386
7
381
267
385
5
231
8
544
229
9
388
217
3
172
7
205
172
460
382
2
379
9
385
9
376
256
1
506
7
372
10
3
383
388
4
483
378
4
19
7
754
606
151
9
379
386
7
390
6
759
6
948
229
6
147
6
400
7
1005
2
299
17
19
9
17
319
147
8
123
148
214
35
9
638
122
1
513
5
150
8
389
397
10
391
9
643
10
374
9
9
635
390
6
394
5
388
7
380
5
384
389
11
631
6
388
5
510
7
387
1268
11
507
8
510
6
634
6
383
724
163
0
340
11
382
2
387
7
384
265
387
3
235
5
545
230
6
390
217
3
172
5
206
171
466
386
0
374
9
384
8
377
256
2
505
7
373
7
6
384
387
3
482
380
4
23
2
755
605
152
8
380
385
7
391
4
759
6
947
228
6
152
1
400
8
1004
3
271
17
22
9
14
308
157
10
123
147
225
22
11
636
124
1
512
8
147
8
389
396
10
391
9
644
10
373
8
8
637
390
5
394
6
396
1
375
5
383
390
11
632
6
388
4
509
7
387
1268
12
507
7
511
8
634
5
385
725
160
5
339
9
387
1
389
6
384
265
386
4
234
5
544
231
5
392
216
5
168
7
207
170
463
380
6
377
9
384
9
376
258
1
505
7
372
7
6
383
389
3
482
379
4
18
6
754
606
152
6
381
385
7
391
4
760
6
948
229
7
152
0
401
7
1005
2
288
11
24
3
14
310
159
6
123
149
210
34
9
636
124
1
519
3
148
7
391
395
11
392
8
644
9
374
9
8
637
390
5
393
7
392
5
382
2
383
389
12
631
6
388
5
509
7
388
1268
12
507
7
511
8
633
4
386
726
159
5
339
8
385
4
390
6
384
269
382
4
237
2
546
229
6
390
217
5
168
7
206
171
462
383
3
376
10
384
9
375
259
1
505
6
373
7
5
384
390
0
482
380
3
22
3
754
605
153
5
381
384
8
392
4
759
7
947
230
6
147
4
402
8
1003
4
286
11
13
16
13
65
7
277
17
27
107
11
233
52
341
396
8
41
11
343
8
511
389
8
300
82
4
12
6
759
901
114
12
390
524
9
646
244
16
77
771
5
632
10
502
10
384
11
386
622
10
7
383
751
19
0
382
231
2
382
515
7
515
9
620
371
10
881
517
385
35
356
7
483
382
8
9
7
399
1
6
12
1112
516
5
630
3
384
7
634
7
502
507
4
506
6
511
7
1257
2
379
505
5
378
3
383
6
754
3
379
422
6
377
9
397
7
508
5
296
12
16
15
15
63
17
266
18
30
109
16
226
51
344
398
11
39
12
341
9
508
391
7
290
92
6
13
5
754
907
114
12
388
525
21
635
244
12
82
769
6
632
8
505
13
380
8
392
619
9
8
380
756
9
6
386
230
2
385
511
8
513
8
615
376
9
883
515
387
8
383
31
460
382
5
13
6
401
1
4
12
1113
515
5
631
5
382
6
638
3
502
497
6
503
7
510
6
1257
4
379
504
6
377
4
383
5
755
5
377
421
3
383
6
397
8
509
3
294
17
10
16
14
58
14
273
18
26
112
15
235
43
345
402
7
40
8
344
10
508
389
8
290
92
11
6
7
754
911
110
13
390
523
17
638
247
7
78
774
4
633
8
505
11
383
10
386
622
10
14
372
762
5
4
385
232
4
383
512
8
514
5
613
381
8
884
514
386
8
383
7
484
381
11
7
6
397
6
4
10
1113
514
9
629
5
382
6
634
7
503
497
6
505
7
510
6
1256
6
380
503
6
377
4
383
6
755
5
377
422
3
380
9
399
5
508
4
283
10
16
15
16
57
11
285
4
28
112
14
224
52
344
399
8
41
12
346
7
506
390
8
290
98
3
15
1
754
909
112
12
391
522
12
645
243
11
78
774
4
633
9
505
9
384
8
389
626
6
7
379
761
4
7
381
236
2
383
512
8
513
6
612
381
9
883
512
389
8
383
7
483
382
4
13
6
398
2
8
10
1114
512
5
640
1
379
5
635
7
505
498
4
506
6
511
6
1260
2
378
504
4
378
5
383
3
756
4
378
420
5
381
5
400
24
491
4
305
14
22
10
16
57
15
276
11
27
111
16
225
52
337
401
8
39
12
346
7
508
389
8
291
95
4
10
6
753
909
111
11
393
520
16
646
239
12
77
773
4
633
9
505
10
384
8
387
623
10
10
375
757
9
6
381
235
4
386
509
8
514
6
610
381
9
884
511
391
7
384
6
485
380
5
13
5
395
5
7
9
1115
514
5
636
1
381
7
636
5
504
498
4
506
6
510
5
1258
4
377
508
1
380
4
382
6
757
3
378
421
5
379
8
397
6
511
2
351
13
17
13
15
60
10
277
11
27
111
15
227
59
334
399
11
37
9
351
7
505
390
7
291
95
7
6
8
753
909
112
10
394
520
12
646
242
10
80
773
5
634
8
506
8
385
7
387
629
4
12
375
757
8
7
382
233
6
384
509
8
514
6
611
381
9
884
511
390
8
384
6
486
380
5
56
1
358
2
10
5
1114
513
9
629
5
382
3
637
4
504
499
4
506
5
510
5
1258
5
377
507
4
379
3
384
3
758
3
378
421
4
378
10
396
7
507
6
282
4
14
17
12
62
8
282
6
29
108
16
226
52
341
402
7
38
14
347
6
509
388
7
291
99
4
12
1
754
909
112
10
392
521
20
639
240
11
81
772
4
634
8
505
8
387
6
387
627
7
12
375
757
7
7
387
227
5
382
512
7
516
4
612
381
9
885
513
388
7
386
4
487
380
5
14
3
396
12
2
8
1115
512
7
637
0
380
7
635
4
505
501
5
505
6
511
3
1257
5
378
505
4
380
4
383
4
757
3
378
421
5
379
8
396
7
508
6
275
14
15
16
13
59
10
274
13
30
111
14
224
53
341
404
8
39
5
351
7
508
389
6
291
97
8
6
5
754
908
114
9
391
521
13
646
240
11
80
774
5
633
7
505
7
386
7
387
627
8
11
375
758
6
7
384
229
6
382
512
7
515
5
611
382
8
883
512
389
29
365
3
486
385
0
12
4
398
7
6
7
1115
516
4
635
5
376
7
636
4
504
501
5
505
6
511
3
1258
5
378
506
4
379
4
384
2
758
2
380
419
4
377
10
397
6
510
4
293
27
2
12
13
65
7
275
8
30
111
15
224
55
338
403
7
40
8
353
4
510
388
6
291
96
11
3
4
756
908
114
8
396
518
11
649
239
9
99
756
5
633
6
506
6
390
3
388
631
3
11
374
758
7
6
384
230
8
381
513
7
514
5
611
382
10
884
512
389
6
387
3
487
382
5
10
7
398
4
6
6
1116
511
6
632
7
379
6
636
4
505
502
3
506
6
512
3
1258
5
379
505
3
379
4
382
3
758
2
379
420
5
377
10
396
6
512
1
