290
10
361
154
379
388
391
385
387
228
659
102
914
391
344
540
443
150
384
632
508
409
100
380
852
160
220
384
959
51
456
50
153
383
515
366
140
366
381
135
371
639
380
506
382
647
235
632
608
382
503
505
266
193
379
814
193
380
382
510
503
381
505
880
506
632
382
380
505
274
230
382
522
260
3
360
158
377
390
385
388
387
231
658
103
916
389
344
543
443
150
385
632
508
409
99
383
851
161
217
384
958
49
458
49
154
383
515
365
141
365
382
135
373
640
379
505
382
649
233
632
606
382
507
506
263
191
381
814
193
380
381
511
502
381
507
878
505
632
384
379
506
273
232
380
523
286
8
361
159
376
391
386
388
386
231
660
102
915
389
345
541
445
150
383
634
508
408
101
381
853
161
219
384
960
48
458
50
147
384
515
366
139
365
383
135
372
639
380
505
383
648
234
631
607
379
506
506
265
191
380
815
192
380
382
509
503
382
505
881
505
631
383
381
505
273
230
382
523
266
8
362
158
374
391
387
390
385
231
660
102
913
389
346
542
443
148
383
633
507
408
100
381
852
162
218
385
959
48
459
55
147
385
515
363
141
365
387
130
373
640
378
505
383
647
234
631
606
381
506
506
264
191
381
814
192
380
381
510
503
381
507
879
505
632
382
382
505
273
230
383
522
276
7
362
158
375
390
386
391
385
231
660
102
913
390
346
541
443
149
383
635
506
408
101
381
852
161
219
383
959
48
458
55
147
385
515
364
141
364
388
129
373
640
378
506
383
647
235
630
605
381
506
507
265
191
381
814
192
380
381
511
502
381
507
880
504
632
383
381
505
272
231
382
522
