271
1
7
116
9
250
33
21
13
162
9
184
11
193
199
507
11
516
11
391
9
515
11
383
514
7
758
10
584
54
8
318
8
64
6
389
391
5
508
8
390
6
503
8
503
636
2
391
7
387
8
637
9
1002
765
4
305
89
4
508
632
5
388
2
575
192
5
385
639
7
388
7
761
7
501
7
393
658
3
513
4
380
0
249
3
257
117
272
113
11
503
381
4
634
6
384
7
378
6
383
378
4
380
7
70
6
301
4
446
380
2
511
3
509
7
629
5
632
640
10
271
10
8
116
6
252
34
19
14
164
1
187
10
192
196
510
16
512
10
391
14
513
9
384
513
7
758
11
582
55
9
318
9
66
4
389
391
1
507
8
389
6
508
3
503
635
3
390
10
385
8
638
10
1000
766
5
305
91
4
508
633
6
387
5
573
191
6
385
638
7
387
7
760
7
501
8
395
656
3
513
9
376
4
251
5
258
117
274
113
7
507
380
5
635
6
384
6
378
6
381
381
3
380
4
74
3
303
4
446
381
2
510
5
506
5
631
6
632
640
5
303
7
14
112
8
250
39
15
14
165
1
188
11
191
197
509
13
514
7
401
6
514
8
387
510
10
758
10
581
54
9
318
7
66
5
386
392
1
506
9
389
6
505
6
504
635
3
391
8
387
8
638
10
1003
762
12
299
91
4
511
632
8
384
4
575
192
4
387
637
5
389
8
765
3
500
30
373
655
4
513
7
376
6
253
2
260
118
269
116
7
507
381
5
635
6
384
6
378
7
385
376
6
379
1
78
1
302
4
447
380
4
510
7
505
5
631
6
631
640
6
325
18
11
109
10
252
32
22
11
165
3
199
1
191
197
507
13
514
8
403
1
516
8
387
510
10
757
11
583
53
8
319
8
68
3
387
391
0
510
15
385
6
504
6
503
635
4
389
10
386
8
640
7
1003
762
9
302
91
6
509
632
7
385
6
574
188
6
385
638
5
389
7
762
6
502
7
397
653
6
511
8
376
5
253
1
259
119
272
113
7
507
380
6
634
6
385
7
378
6
383
380
6
377
4
73
5
301
8
443
381
3
511
6
506
4
631
7
631
639
6
265
9
11
120
2
248
39
14
12
165
4
190
10
193
196
507
11
517
8
394
8
517
9
386
509
11
759
9
583
54
9
318
7
68
5
389
389
1
511
10
385
6
505
7
503
636
3
388
8
389
6
639
8
1002
763
9
303
91
6
508
633
6
391
1
571
190
6
386
637
5
389
7
761
7
502
7
394
656
5
513
9
374
4
249
7
259
118
268
117
7
506
381
4
635
6
385
8
377
6
384
379
6
376
5
74
5
302
7
445
379
5
510
6
507
4
631
7
631
639
8
339
13
11
107
11
246
38
17
14
170
5
187
9
190
199
506
10
519
6
396
7
517
9
386
510
11
759
9
585
52
9
318
9
67
5
392
388
0
511
18
380
7
505
6
504
637
5
387
7
389
6
640
6
1003
762
10
302
90
7
509
631
7
385
5
578
184
6
386
639
4
389
6
763
5
503
6
394
655
8
511
10
372
5
250
5
264
115
272
113
6
507
380
5
636
5
387
5
378
5
384
380
6
376
4
76
1
301
7
446
378
5
510
5
507
4
632
5
634
637
11
293
14
9
114
13
247
37
11
23
155
11
184
11
188
202
503
11
526
1
395
10
513
9
388
509
13
757
9
586
51
10
317
7
70
4
391
387
1
512
14
384
6
507
5
505
636
5
387
8
390
6
638
8
1003
762
10
303
91
7
507
633
8
387
2
577
185
7
386
639
4
390
5
762
7
503
6
394
656
6
513
10
372
4
252
3
262
117
270
125
0
504
381
5
635
5
386
7
379
5
383
380
5
377
4
73
4
301
8
446
378
4
510
4
509
3
633
4
634
638
8
296
12
4
115
12
248
36
11
16
162
11
185
9
189
203
503
8
523
4
396
10
517
4
389
509
13
756
8
586
51
10
316
8
70
3
391
390
10
504
16
380
8
507
5
505
636
5
387
7
391
4
641
6
1004
761
11
302
91
6
508
633
6
384
5
578
187
4
387
640
2
390
5
761
7
503
5
395
656
6
513
11
372
3
256
1
261
115
269
116
7
506
380
6
635
3
387
5
380
4
384
381
5
375
6
74
3
302
7
447
377
6
510
5
509
1
634
3
635
637
7
280
6
7
113
9
251
40
7
16
168
7
190
5
190
203
502
11
523
2
401
5
515
6
390
509
11
757
8
586
53
8
317
7
72
2
390
389
2
512
22
375
8
506
5
505
636
4
385
6
394
1
641
5
1009
757
10
302
92
6
508
633
6
388
1
577
186
5
387
638
5
388
7
762
5
504
4
395
655
6
513
9
373
3
251
5
261
116
270
116
7
506
380
5
637
3
387
5
381
4
384
381
5
377
4
74
3
301
7
448
377
6
510
4
509
2
633
3
635
637
7
