378
8
12
263
360
387
390
895
386
885
97
293
382
633
385
465
43
340
165
510
881
383
381
761
384
884
383
889
512
383
381
384
631
634
386
378
509
381
505
505
381
506
762
380
631
380
380
381
506
1010
506
506
884
631
506
1136
504
1007
631
386
12
11
266
356
390
393
889
390
882
98
289
385
633
385
464
41
342
168
508
881
384
382
761
383
884
383
891
510
383
381
382
632
633
390
379
503
381
506
505
381
506
762
380
631
379
382
382
504
1010
506
506
883
630
506
1136
505
1007
631
399
12
11
268
355
388
393
892
390
884
96
289
386
631
386
464
42
340
168
509
881
383
382
762
382
884
383
890
511
381
382
382
632
633
388
378
504
383
506
505
382
507
761
381
630
379
382
383
503
1010
506
507
882
630
505
1136
506
1006
631
404
13
9
269
354
388
394
892
390
885
95
290
385
633
385
464
43
339
168
508
882
383
381
761
384
884
382
891
511
384
379
382
632
633
386
379
503
383
506
504
383
507
760
381
629
379
383
381
503
1010
505
507
882
631
506
1135
506
1006
632
385
13
8
268
354
388
394
893
389
885
96
289
385
633
384
464
42
340
168
508
881
383
381
761
383
883
382
891
511
385
379
383
632
635
383
385
500
383
507
504
382
507
760
382
630
379
383
382
502
1011
506
507
882
632
505
1135
507
1006
632
