282
332
158
12
14
3
127
242
150
26
1
375
354
41
8
519
199
3
112
325
60
6
271
121
5
430
335
123
9
515
245
8
289
385
356
236
10
141
8
384
2
393
5
382
382
11
382
7
383
4
382
10
382
1022
9
386
8
1021
5
885
17
381
376
6
508
11
882
8
529
8
755
512
11
505
8
510
1
1007
7
375
508
7
270
117
7
260
10
110
5
275
5
378
388
2
387
8
380
6
386
5
506
381
2
381
3
381
4
377
6
634
378
7
500
6
412
5
386
4
379
634
10
497
8
499
7
298
332
161
13
14
8
126
242
149
12
10
375
358
38
8
518
199
2
112
326
58
8
268
121
4
432
340
116
6
516
248
8
286
389
354
240
7
142
10
378
7
393
5
381
383
4
389
7
384
4
384
8
383
1022
7
387
7
1021
7
883
15
381
380
6
509
9
884
9
526
6
755
512
10
505
7
508
5
1007
5
374
511
7
270
117
7
261
9
111
5
275
4
383
384
2
388
7
380
6
385
6
507
382
5
378
3
382
1
379
6
631
381
2
505
8
411
6
385
5
381
630
11
496
3
504
8
280
333
161
11
15
14
126
240
144
15
13
374
352
43
6
524
195
5
114
322
59
8
269
120
7
429
333
122
5
518
245
9
285
387
355
238
9
143
8
382
4
394
5
381
383
3
388
10
381
9
377
8
385
1018
7
387
8
1020
7
883
13
382
380
7
509
7
886
7
529
8
760
506
11
505
7
505
9
1009
3
375
510
8
269
116
8
260
10
111
4
275
5
380
386
5
385
7
383
5
385
5
506
382
8
376
4
379
4
378
5
632
381
4
506
1
415
3
387
4
377
636
8
497
4
505
6
293
333
159
13
20
8
127
240
150
12
13
371
355
42
10
520
204
1
104
326
58
6
269
120
9
428
334
120
10
518
241
8
287
388
358
237
7
143
9
382
3
394
5
382
381
4
389
7
385
10
378
7
386
1019
7
387
7
1021
9
881
16
384
383
1
507
8
887
6
528
11
753
512
11
506
6
507
7
1004
5
375
511
8
270
115
11
257
12
110
4
275
4
380
387
5
385
6
385
3
387
4
506
381
6
379
4
379
6
377
4
632
380
6
501
5
414
5
392
0
376
635
6
501
3
507
4
259
336
153
5
19
14
127
234
148
15
13
370
361
38
9
521
194
7
116
318
59
8
269
124
6
428
337
119
9
515
243
13
282
391
355
235
10
141
9
380
7
394
4
383
381
6
388
7
392
6
374
6
388
1017
7
388
8
1020
8
882
13
383
380
9
507
6
885
8
529
9
754
512
15
501
6
506
9
1005
5
375
510
7
270
115
8
260
11
113
3
274
5
379
388
4
386
6
386
2
386
5
507
380
5
379
3
383
2
376
5
634
378
4
505
2
415
4
386
5
377
634
7
500
1
506
6
288
334
157
12
22
7
128
237
149
13
13
369
358
40
8
527
191
5
115
322
64
5
268
123
6
428
332
123
6
516
244
8
287
387
358
234
8
143
9
382
4
395
3
386
378
6
387
7
386
12
375
6
387
1018
7
389
8
1020
6
882
14
384
380
8
506
7
888
5
528
9
757
508
15
502
6
506
8
1009
2
375
512
8
269
115
9
261
9
112
5
273
5
380
388
4
386
5
385
1
388
3
508
381
7
380
1
382
3
376
3
633
380
4
502
5
415
4
387
5
379
632
6
499
4
504
6
265
333
158
7
17
11
136
228
149
17
14
365
358
42
8
522
194
4
115
321
62
7
267
123
8
427
333
121
10
513
244
9
287
387
358
234
7
143
7
383
5
394
4
384
381
4
388
6
388
16
370
6
388
1018
7
390
6
1020
6
882
12
386
378
8
507
7
885
9
528
9
754
511
14
503
5
507
8
1005
5
377
511
9
268
114
8
261
10
111
5
273
4
381
386
5
388
3
385
2
387
4
510
380
3
379
4
383
1
379
2
633
380
6
502
4
413
5
390
2
378
633
4
503
5
505
4
318
338
151
10
20
9
127
237
150
17
9
368
361
38
8
523
194
4
113
325
61
7
268
121
8
427
334
123
4
516
245
8
288
388
359
234
7
144
7
382
6
393
5
382
382
5
389
5
388
13
371
6
388
1018
6
392
6
1019
7
883
13
386
379
9
505
5
886
8
527
10
756
518
7
502
5
509
6
1006
4
377
512
9
268
116
6
261
10
113
3
273
4
381
386
5
386
4
386
2
386
3
509
381
5
381
1
382
3
376
3
633
379
5
501
5
414
5
387
6
376
636
6
498
6
504
5
325
337
154
9
20
10
127
241
148
16
11
368
358
41
9
522
193
6
112
325
61
7
267
122
8
428
333
122
6
515
246
9
287
390
358
232
7
144
6
383
8
391
4
384
383
2
389
5
391
13
370
5
391
1016
6
392
6
1020
4
884
12
387
380
7
507
3
886
8
527
10
757
508
15
501
6
508
5
1009
1
378
511
9
269
117
5
262
11
109
7
273
3
382
385
4
388
3
386
3
386
3
510
380
6
378
3
379
5
378
3
633
380
6
502
5
413
5
386
6
377
633
8
503
1
504
4
