214
218
27
223
75
30
34
460
27
528
30
305
717
1130
549
206
19
191
446
120
8
17
24
352
12
605
35
10
102
7
510
765
13
766
15
1270
15
214
17
83
731
29
5
662
522
5
346
525
16
1017
12
765
16
521
7
509
516
10
2518
13
260
226
19
232
97
13
35
454
24
529
31
302
717
1128
549
205
18
193
448
115
9
18
29
348
8
608
36
12
100
8
516
757
12
767
14
1271
20
219
9
82
731
29
6
661
520
5
347
525
14
1018
15
763
16
516
13
508
513
11
2518
15
228
226
18
234
79
39
28
451
25
529
30
308
712
1130
548
204
19
191
451
114
14
19
22
348
19
600
35
15
96
7
510
765
12
774
6
1272
14
212
17
86
742
11
8
660
521
5
350
520
14
1019
14
764
15
517
14
504
517
10
2518
15
238
224
25
229
76
40
27
445
28
528
32
304
715
1132
544
209
18
194
442
118
19
15
25
345
21
604
29
14
97
7
510
764
13
768
13
1270
15
222
11
80
727
34
1
659
519
12
340
524
18
1016
14
763
15
516
14
505
517
10
2516
17
281
228
26
230
84
19
25
443
38
518
30
304
718
1130
548
202
21
196
442
116
27
22
8
345
20
602
31
12
101
5
510
765
10
768
12
1271
16
213
19
80
745
13
7
662
519
6
344
529
12
1015
12
766
15
512
18
505
516
10
2517
16
240
227
32
229
83
34
34
441
28
532
25
313
713
1128
545
205
20
197
438
117
25
21
14
350
17
603
30
13
100
6
510
761
16
765
11
1272
13
215
16
87
729
25
8
664
517
6
351
516
18
1015
11
773
13
511
17
505
515
11
2518
16
258
227
37
228
87
43
14
442
29
528
24
308
718
1134
541
203
20
195
441
116
32
19
12
347
16
603
31
12
98
8
511
761
13
763
15
1271
14
214
20
84
729
26
7
664
517
10
350
521
13
1014
12
767
16
512
16
506
515
10
2517
17
234
229
37
226
86
36
24
433
32
529
23
315
710
1137
540
208
15
195
444
112
26
27
9
349
13
603
31
12
99
7
511
760
11
771
10
1272
14
213
17
96
719
25
9
666
518
8
347
516
19
1013
13
771
11
513
15
506
513
12
2516
18
246
242
22
228
87
42
12
448
25
532
20
320
706
1134
544
203
17
197
443
111
37
19
7
352
10
603
32
11
100
7
511
762
12
765
16
1271
14
224
6
87
728
25
8
666
517
8
348
516
19
1015
12
768
17
512
15
507
513
13
2515
18
